id	B cells naive	B cells memory	Plasma cells	T cells CD8	T cells CD4 naive	T cells CD4 memory resting	T cells CD4 memory activated	T cells follicular helper	T cells regulatory (Tregs)	T cells gamma delta	NK cells resting	NK cells activated	Monocytes	Macrophages M0	Macrophages M1	Macrophages M2	Dendritic cells resting	Dendritic cells activated	Mast cells resting	Mast cells activated	Eosinophils	Neutrophils
GSM2449608_Control	0.0199642928713866	0	0.00244575467997689	0.196083787452254	0.159238769824259	0	0.0403220900574719	0	0.028029182004688	0	0.140482737560796	0	0.109198223031208	0	0.0038870556143846	0	0.00949652865263403	0.00717215513730671	0.00477532364649918	0	0	0.278904099467136
GSM2449609_Control	0.0293184736662487	0.00871450453502689	0	0.147802958657772	0.124350530360129	0	0.0683982587703339	0	0	0	0.133818783177531	0	0.226537298702659	0	0	0	0	0.000290284521642401	0.00275737031583595	0	0	0.258011537292821
GSM2449610_Control	0.0412802784293841	0	0	0.189821162343223	0.100504665080813	0	0.0750824422116127	0	0.0030766877862026	0	0.169837054308758	0	0.195026244457489	0	0	0	0.000830762449391077	0.00189602371659197	0.0126861409376174	0	0	0.209958538278917
GSM2449611_Control	0.00747647583677535	0	0.00124497889318557	0.222801307176011	0.0920817695573715	0	0.0386276065450974	0	0.00960716975082318	0	0.183880285438094	0	0.180897067565535	0	0	0	0.00114122928266184	0.000104702831001902	0.00824028965860198	0	0	0.253897117464842
GSM2449612_Control	0.0199792975052058	0	0.00623958119166617	0.189145450558402	0.114515689027775	0	0.045300459547869	0	0.0387028217798878	0	0.105773754121594	0	0.127681432006492	0	0.00374363735590439	0	0.0108005244440826	0.0116377142896514	0.00787315051825037	0	0	0.318606487653219
GSM2449613_Control	0.0292515640255738	0	0.00840832491873938	0.0776575527820458	0.106864038266517	0	0.0440036986792378	0	0.010899665657841	0.00700050697293296	0.149421496854251	0	0.104711713011284	0	0.00261539265447585	0	0.00561502384178113	0.000826018689204999	0	0	0	0.452725003646116
GSM2449614_Control	0.0399690936643688	0	0	0.145108606794887	0.156118526351046	0	0.0352444213377027	0	0.00967817591830248	0	0.0853678029161603	0	0.0804951385240475	0	0	0	0	0.00392125875189839	0.00245556431796817	0	0	0.441641411423619
GSM2449615_Control	0.00357948537383217	0	8.53632066855252e-05	0.25901814703925	0.0790487311219199	0	0.0360542278288636	0	0.0182946974961633	0	0.152948025840979	0	0.114600958577069	0	0.00267697558434379	0	0.0079689769666575	0.00219750558476893	0	0	0	0.323526905379467
GSM2449616_Control	0.0233812192481521	0	0.00657003480997852	0.140489638953928	0.126635904980041	0	0.0299043045152328	0	0.0168571596644836	0	0.117227888594904	0	0.157621360467312	0	0.000361867325514436	0	0	0.00713976769674937	0.00934148357081028	0	0.00900621733292855	0.355463152839965
GSM2449617_Control	0.022633946761384	0	0.000108119045298723	0.194669998213645	0.0942928664832424	0	0.0436801822577134	0	0.0309125543071456	0	0.145150251893219	0	0.102233938089355	0	0.00367595474440665	0	0.00658757515548441	0.000470389022166148	0	0	0	0.355584224026939
GSM2449618_Control	0.0135302391357097	0	0.00548204906350206	0.20479614988732	0.150333234695811	0	0.00808197881921493	0	0.00842383145738245	0	0.103573824688612	0	0.0856751781533828	0	0	0	0	0.00322429431650363	0.00788134287070425	0	0	0.408997876911857
GSM2449619_Control	0.0290399058471841	0	0.00968152150635346	0.128047497513848	0.0828809237761299	0	0.0662128358730873	0	0	0	0.181214628968754	0	0.130967894203573	0	0.0050725456288578	0	0.00531673431337317	0.0122947108106898	0	0.00120609235943978	0	0.34806470919871
GSM2449620_Control	0.0316640307939759	0	0.00860820072103412	0.0975654102925445	0.104196230262661	0	0.0444333951309628	0	0.00213015764296815	0	0.139640325690273	0	0.128330635231374	0	0	0	0	0.00259862778740653	0.00404645956902391	0	0	0.436786526877776
GSM2449621_Control	0.011934558718309	0	0.000479984020694972	0.138841629958839	0.115974313690776	0	0.0652342246319462	0	0.00195770914049826	0	0.149918321473905	0	0.135682951115629	0.00795553336752564	0	0	0	0	0.00187470131323808	0	0	0.370146072568639
GSM2449622_Control	0.0218235675196383	0.00613215582112711	0.00430625525021216	0.0278832744744165	0.13802894021327	0.0109607416362092	0.0419155407099687	0	0	0.0373316656893084	0.138933000906996	0	0.0877942159803505	0	0	0	0	0.0079906722340127	0.00758782665892836	0	0.0453806943093457	0.423931448596216
GSM2449623_Control	0	0.0104436665969141	0.00411031430246795	0.150694090093208	0.124237849170518	0	0.035491421141295	0	0.0265090401742062	0	0.146630892713835	0	0.129543914218757	0	0.00251512041023514	0	0.00523079796459607	0.00836471836275083	0	0.00547909154358259	0	0.350749083307634
GSM2449624_Control	0.0220295684531528	0	0	0.201692031052365	0.239879060646515	0	0.0184948839460795	0	0.0206238112439915	0	0.0986155506243105	0	0.0771395895269142	0	0	0	0.00208845125705922	0.000536006815885442	0.00889947166906484	0	0	0.310001574764662
GSM2449625_Control	0.0202567377873409	0	0.00413342503372981	0.148770860846148	0.144707617126632	0	0.0496191633301698	0	0.000763346625456931	0	0.11287775530514	0	0.109134799934134	0	0	0	0	0.0060377364818389	0.0151939739120623	0	0	0.388504583617348
GSM2449626_Control	0.0175500030629775	0	0.00392963347361565	0.0810231984649838	0.156631612940757	0	0.0756901094329493	0	0.00662670229738083	0	0.180486426391056	0	0.0935012721359916	0	0.0038803196316393	0	0.00823318532640245	0	0	0	0	0.372447536842247
GSM2449627_Control	0.000704842103971271	0	0.00586884324827073	0.17448114621906	0.144732200465147	0	0.05399383707706	0	0.0245189860958157	0	0.174568454197725	0	0.103606468873133	0	0.00447748868471667	0	0.0105190515684986	0	0	0	0	0.302528681466602
GSM2449628_Control	0.00421613862191835	0.0124128386808192	0.000385973693144247	0.147868639156736	0.173590589463123	0	0.0385307855877053	0	0.0304944168041618	0	0.120699753683237	0	0.0653191090406889	0	0.00303369408365163	0	0.00759043334921843	1.47758788340905e-05	0	0	0	0.395842851956763
GSM2449629_Control	0.0643880144617911	0	0	0.180588285852541	0.154295853456008	0	0.0460335715340017	0	0.0311953734350618	0	0.109031319903346	0	0.112034230205286	0	0.00356855221373379	0	0.0076478013547489	0.00707513703764515	0.0176949681032433	0	0	0.266446892442594
GSM2449630_Control	0	0.0036427625956254	0.00554988090856909	0.099289184662139	0.0791789292471775	0	0.033701297843085	0	0	0	0.169763174942971	0	0.228459929942418	0	0	0	0	0.00148678297958036	0	0	0	0.378928056878435
GSM2449631_Control	0.0279448311478336	0	0	0.18436845513195	0.119589502372109	0	0.0548945322689125	0	0	0	0.152618596971317	0	0.154285596710243	0	0	0	0	0	0.00931598399860223	0	0	0.296982501399034
GSM2449632_Control	0.017108712627951	0	7.58304755639289e-05	0.111537817513957	0.123042316027814	0	0.0426792616678302	0	0	0	0.135643933232287	0	0.163567566256821	0.00507080350502873	0	0	0	0	0.00430225431932341	0	0	0.396971504373423
GSM2449633_Control	0.013637088469726	0.000496397442921215	0	0.128110092158203	0.0745413032074067	0	0.0529311636719624	0	0.00205147128219882	0	0.146823396710145	0	0.196364071235246	0	0	0	0	0	0.0104827432883178	0	0	0.374562272533874
GSM2449634_Control	0.02126348210254	0.00192981211888331	0.000444853692548521	0.203467811175887	0.0974241826927423	0	0.05967991462829	0	0.00719181925976153	0	0.188441621012506	0	0.186215393605819	0	0	0	0.000470672122041359	0	0.00350567800964691	0	0	0.229964759579335
GSM2449635_Control	0.0243553210926714	0	0	0.153491341450985	0.0959948443520151	0	0.0400690832637986	0	0.00867973814679389	0	0.188029073612729	0	0.143305901997794	0	0	0	0	0.00369593831815903	0	0	0	0.342378757765054
GSM2449636_Control	0.00751905198826146	0	0.00503772830004733	0.0985379326511793	0.187508000710724	0	0.0358204125584491	0	0.0273506312883483	0	0.127426812396908	0	0.0950082766495563	0	0.00277161093059928	0	0	0.000630833225329139	0.0138533193136856	0	0	0.398535389986912
GSM2449637_Control	0.00900008838011922	0	0.00486338195792815	0.138379747288744	0.104507129155377	0	0.0600969120975983	0	0.0105661012527257	0	0.143517365117574	0	0.156341493332906	0.00294779796784439	0.0015309732743725	0	0.00743429541550706	0.00401120888839753	0	0.00241752968341323	0	0.354385976187494
GSM2449668_Control	0.0309856493587519	0	0	0.12548297980655	0.125527785573909	0	0.0541844947505264	0	0.00733529230697211	0	0.142696031204531	0	0.137682703205737	0	0	0	0	0.00239377732476979	0.00838558588027843	0	0	0.365325700587974
GSM2449669_Control	0.0259270592466432	0	0.000840298778098297	0.0979595487901363	0.146558953613769	0	0.0308914798588874	0	0	0.0427981638942987	0.136447974767815	0	0.220398306478411	0	0	0	0	0.0030477102678058	0.00462456854286284	0	0	0.290505935761272
GSM2449670_Control	0.021217277057454	0	0	0.190588471079827	0.166056502744087	0	0.0393451198202109	0	0.000268800451366578	0	0.107146489503002	0	0.157757899869161	0	0	0	0.000260442706141459	0.00640704307962818	0.0127877983100115	0	0	0.298164155379111
GSM2449671_Control	0.0167004706432768	0.00104009022106912	0.00198577370255448	0.134455707030199	0.128609089676032	0	0.0254194317509712	0	0.00264455112613772	0	0.0596296783153624	0	0.211861966915036	0	0	0	0	0	0.0189986294833052	0	0	0.398654611136056
GSM2449672_Control	0.0401230187291299	0	0.000364101483368964	0.0546705215124809	0.0844523103993892	0	0.0397560383604746	0	0.00154503073229706	0	0.190980191170969	0	0.212051350570455	0	0	0	0	0	0	0	0	0.376057437041435
GSM2449673_Control	0.0246399400335187	0	0.00299832637107278	0.218732450119761	0.157642955976675	0	0.0389318537732312	0	0.0255972676721227	0	0.132050255504937	0	0.109454203896709	0	0.00362582619128796	0	0.00894390658051271	0.00818358124396658	0.000427567806860766	0	0	0.268771864829345
GSM2449674_Control	0.0285014808454304	0	0.00139044956943352	0.234323898284172	0.110691267061191	0	0.049828656878322	0	0.00155461731998271	0	0.137961128280082	0	0.19890779963731	0	0	0	0.0010782032925166	0.00410273128903675	0.0155688665590022	0	0	0.216090900983521
GSM2449675_Control	0.031869041079086	0	0	0.0746021699636632	0.09781684713595	0	0.0347783019740727	0	0	0.00932324788594833	0.141455359051581	0	0.157935548080076	0	0	0	0	0	0.00226162649730143	0	0	0.449957858332321
GSM2449676_Control	0.00359011219001576	3.35738181182951e-07	0.00272856875444639	0.161529695943171	0.146043105000921	0	0.039702780414936	0	0.0288153918115263	0	0.20934152462332	0	0.0846106216670608	0	0.00411266819394461	0	0.00878185776158115	0	0	0	0	0.310743337900895
GSM2449677_Control	0.0523928001544682	0	0	0.172445279763508	0.158227211471413	0	0.0510360065003441	0	0.0280737385519303	0	0.14433661351616	0	0.100862777698637	0	0.00333995644111953	0	0.00691663348298556	0.000787788962489208	0.0035838876767559	0	0	0.277997305780189
GSM2449678_Control	0	0	0.0063279141003029	0.121445427927076	0.0677387790336198	0	0.0311781612974294	0	0	0	0.169128523515277	0	0.216206905384489	0	0	0	0	0.00196814340991762	0	0	0	0.386006145331889
GSM2449679_Control	0.0195887938516264	0	0.00140151128335871	0.157786257919509	0.092063629440079	0	0.0442804848468824	0	0.0079680835263449	0	0.201707109424745	0	0.137903922811705	0	0	0	0	0.00371975211997653	0.00287449606233418	0	0	0.330705958713438
GSM2449680_Control	0.0171005941628173	0	0	0.124134123066622	0.113684399851548	0	0.0744045133805202	0	0.00233670671021778	0	0.134378151144205	0	0.178893952276316	0	0	0	0	0.000934069858733772	0.00510903230863483	0	0	0.349024457240385
GSM2449638_Treat	0.00174378250034189	0	0.00612090628456122	0.0606214344236885	0.118502392582566	0	0.0461136287262313	0	0	0.0271910121654574	0.0864794682507785	0	0.121720929921747	0	9.84188649358224e-05	0	0.000933395830217746	0	0	0	0	0.530474630449475
GSM2449639_Treat	0.0424179178708802	0	0.00197806594877448	0.0689370225719816	0.153360210976229	0	0.0366905359312303	0	0	0	0.142129722448015	0	0.191778715973159	0	0	0	0	0.0024825265011128	0.0233272113873071	0	0	0.33689807039131
GSM2449640_Treat	0.0135032501455923	0	0.00290117027764772	0.0987658363575897	0.0635334617660826	0	0.0476127115551354	0	0.00187495994183096	0	0.142880106122039	0	0.146459500309925	0.00291332391247004	0	0	0	0.00174938927021975	0.00477808187142114	0	0	0.473028208470047
GSM2449641_Treat	0.00712446566749684	0.00253272741552037	0.00357522934880507	0.0741798251543302	0.0385819606675199	0	0.0292496010997881	0	0.00184856160014837	0	0.062355894568263	0	0.149216919958057	0	0	0	0	0.00161968242551235	0.014389179161498	0	0	0.615325952933061
GSM2449642_Treat	0.0214355032732829	0	0.000512337994542095	0.0586741842736238	0.133424614379155	0	0.0330736855267597	0	0	0.0126511139964015	0.114828022906514	0	0.133561775109464	0	0	0	0	0.00729112743589036	0.00695002737768797	0	0	0.477597607726679
GSM2449643_Treat	0.0163029038436104	0	0.00109679295681308	0.139622806976809	0.0518478547159174	0.0109185928978301	0.0344060743063715	0	0	0	0.135861821963855	0	0.212636044755747	0	0	0	0	0	0.0088250180636969	0	0	0.388482089519349
GSM2449644_Treat	0.0119425370723078	0	0.00110681498527394	0.0865948933757054	0.020379752637355	0	0.0401557690906399	0	0	0.0750314465460863	0.0951880518015648	0	0.303038639118342	0	0	0	0	0.0119333255496417	0.0013692528134728	0	0	0.35325951700961
GSM2449645_Treat	0.037676519433686	0	0.000764481624873555	0.0734120455240392	0.0791827104365624	0	0.0422563691670671	0	0	0.0134732296575498	0.112533938256939	0	0.108222493897011	0.00117185345395572	0	0	0	0.000802838603949669	0.016975787798546	0	0	0.51352773214582
GSM2449646_Treat	0.0086904076334124	0	0.00404766555004062	0.0318826867684012	0.154175069395507	0	0.0341717994632696	0	0	0	0.151166799081984	0	0.197473810337879	0	0	0	0	0.0036404663707204	0.00944926689664095	0	0	0.405302028502144
GSM2449647_Treat	0.017058941655172	0	0.000677876362653716	0.0535570597539313	0.119382548682505	0	0.0221131604057425	0	0	0	0.112398959567098	0	0.135077851243216	0.0125149064245022	0	0	0	0.00216584999725443	0.0156157685613777	0	0	0.509437077346547
GSM2449648_Treat	0.0134064967513637	0	0.00184631835134868	0.10539092372535	0.0228540015697593	0	0.0419111021689302	0	0	0.0515082645151831	0.0922827605780606	0	0.164141923840874	0	0	0	0	0.00684835826013174	0.016645033457795	0	0	0.483164816781204
GSM2449649_Treat	0.0107410022718415	0	0.00442320997134518	0.14687474443863	0.0955909222391459	0	0.0332530838554376	0	0	0	0.144080623021331	0	0.209204451888052	0.00407525516796489	0	0	0	0.00432106483253591	0.00560425950717383	0	0	0.341831382806542
GSM2449650_Treat	0.0363886479067448	0	0.00236190304105105	0.126293092925605	0.168089511971143	0	0.0251366969757896	0	0.00150757333925933	0	0.117162283737685	0	0.149932878995576	0.000404395024901831	0	0	0	0	0.00208426972596252	0	0	0.370638746356282
GSM2449651_Treat	0.00620569512199072	0.00252503459678703	0.00452076746737725	0.0537578578563544	0.073493065323967	0.000909563494256426	0.0432846361064958	0	0	0.0172915380474569	0.189367566758272	0	0.183467549618935	0.00624294958556167	0	0	0	0.0032894945394969	0.00357829687850174	0	0	0.412065984604547
GSM2449652_Treat	0.0182037143363758	0.00210497866599919	0.00235228098625722	0.0621246139301603	0.0939468966261323	0.00468555493696149	0.0287382127609596	0	0	0	0.116153727262845	0	0.16457855967665	0.00613051753421913	0	0	0	0.00197433231433507	0.0131989122534458	0	0	0.485807698715659
GSM2449653_Treat	0.0164122264053672	0.00687439749816445	0.00110169419449202	0.129658811161522	0.0540810842794341	0	0.0535274185899685	0	0	0.00247690458526503	0.170057160255581	0	0.124742098386694	0	0	0	0	0.00110843166434103	0.0203682925160315	0	0	0.419591480463139
GSM2449654_Treat	0.0257534100583242	0	0.00169974647745937	0.0686007037802628	0.114205934127033	0	0.0335956159789353	0	0	0	0.0790386855177016	0	0.209907793841019	0.00456968189955756	0	0	0	0.000648619948143938	0.0081187090805425	0	0	0.453861099291022
GSM2449655_Treat	0.0388794815248402	0	0.00269777439705957	0.107107206474124	0.204613408660562	0	0.0604817406659681	0	0.0104092301830854	0	0.117766935362203	0	0.19584581681721	0	0.0027832254553356	0	0.00712529702726671	0.0102804629197316	0	0	0	0.242009420512613
GSM2449656_Treat	0.0132833421275141	0.0250121007807555	0	0.223173516671197	0.143005399333474	0	0.0527648185399663	0	0	0.109189540378578	0.0353305450426388	0	0.13557167089589	0	0.000591691340796753	0	0	0.00840362025474898	0.001578160907796	0	0	0.252095593726645
GSM2449657_Treat	0.0212039589823043	0.00741750984763154	0.00237838029213778	0.103969940375219	0.141160556653298	0	0.0612298292551432	0	0	0	0.169072167544302	0	0.146523015919249	0	0	0	0	0.00639558161648144	0	0	0	0.340649059514234
GSM2449658_Treat	0.018404543557035	0	0.000858897860758129	0.119425617572063	0.0593101020380719	0	0.0714407157574397	0	0	0.0244362019562409	0.122432870088874	0	0.155700081772323	0.00916028941054629	0	0	0	0.000320531369219696	0.0106814512222611	0	0	0.407828697395167
GSM2449659_Treat	0.000983131803237749	0.0143520158418671	0.0103322978404294	0.0607444694671541	0.0776319827299757	0	0.0498011702546279	0	0	0	0.139010629492603	0	0.211709908312554	0	0	0	0	0.010401852998728	0.00412736200015181	0	0	0.420905179258671
GSM2449660_Treat	0.0219686112219073	0	0	0.216105708770249	0.125714569821875	0	0.0704369639650174	0	0.000441896670799114	0	0.148334894880108	0	0.0924955072638024	0	0	0	0	0.00326531188714225	0.00565142142954606	0	0.0109410419533503	0.304644072136202
GSM2449661_Treat	0.00451994070606233	0.00210644288234249	0.00362452755394713	0.159802990802587	0.121697847492082	0	0.0508710747366748	0	0	0	0.156771501924284	0	0.113607797892731	0	0	0	0	0.00293126096921174	0.000906140380113739	0	0	0.383160474659964
GSM2449662_Treat	0.00742611585597697	0	0.00238797524386346	0.0543813364853385	0.10752020829815	0	0.0262195061346559	0	0	0	0.128158653179129	0	0.200829216089216	0.00507117024188781	0	0	0	7.62166316992979e-05	0.00493154368925963	0	0	0.462998058150823
GSM2449663_Treat	0.0158689590552257	0	0	0.103800379517957	0.0775337817790304	0	0.0718314857551869	0	0	0.108214743300487	0.114505268096673	0	0.236652041711606	0	0	0	0	0.00605929632146004	0.00217418503317639	0	0	0.263359859429198
GSM2449664_Treat	0	0.00781415645605913	0.00137083504071972	0.119839146378801	0.0492426025223122	0	0.0751085484630233	0	0	0	0.182151022498014	0	0.136463171290521	0	0	0	0	0.0167705263369014	0.0028795698248013	0	0	0.408360421188847
GSM2449665_Treat	0.0204838347042141	0	0.000487207373516669	0.295397937999141	0.0137806474587157	0	0.091499647964817	0	0	0.0694825680104351	0.1296862272699	0	0.142432732472745	0	0	0	0	0.00235301412027061	0.00241626902032797	0	0	0.231979913605917
GSM2449666_Treat	0.0273322686021074	0	3.15865823110657e-05	0.171094139307179	0.15298774117118	0	0.0297123325549873	0	0.00792000485876062	0	0.101150985113915	0	0.113567178306093	0	0	0	0	0.00112899292419903	0.0141621431142789	0	0	0.380912627464988
GSM2449667_Treat	0.0305892506481686	0	0.00282007306329825	0.0648448623103603	0.126738286722964	0	0.0299918981870836	0	0.00852763103513603	0	0.0869225240466146	0	0.179073000579574	0.0300862735261648	4.75604181792013e-05	0	0	0	0.00717128111005484	0	0	0.433187358352402
GSM2449682_Treat	0.0096649114350902	0.0045426463793651	0.00326985159281742	0.11230872521248	0.0989441532591077	0	0.0253061006498608	0	0	0	0.0662389761297125	0	0.179182738403437	0.00670439024567542	0	0	0	0	0.00887689174510197	0	0	0.484960614947351
GSM2449683_Treat	0.0439410283302577	0	0	0.107434057737502	0.0700409481539424	0	0.0409061873812135	0	0	0.0628392117123402	0.11394415709073	0	0.141669813436982	0	0	0	0	0.00807149180230891	0.00604966980284608	0	0	0.405103434551878
GSM2449684_Treat	0.0375904349725023	0	0.00221905049459269	0.0627287365787994	0.151871162522677	0	0.0356982388448644	0	0	0	0.136779300104956	0	0.199693153626268	0	0	0	0	0.00207190891284588	0.0227880105943811	0	0	0.348560003348114
GSM2449685_Treat	0.0119609328020816	0.00555971671236441	0.00467017859291878	0.127706863836847	0.0214891786060647	0	0.0504302907850026	0	0	0	0.166289440938043	0	0.176979727551714	0.00132259502693878	0	0	0	0.00234828874525632	0.00693105844440376	0	0.0106389602727803	0.413672767685585
GSM2449686_Treat	0.00978851700544003	0.0225132144196728	0	0.0904681597010239	0.143172965029879	0	0.0323883118371991	0	0	0	0.186071439254308	0	0.147326700973127	0	0	0	0	0.00773687277247682	0.00617282489552118	0	0	0.354360994111352
GSM2449687_Treat	0.0267221289324269	0	0.000405523902059606	0.0384736895450008	0.172664243899485	0	0.066779181116665	0	0.00888794915012342	0.0189020609023922	0.174959592063322	0	0.134441895745057	0	0.000417478277886359	0	0.00460921876260254	0.00763137066068389	7.37192797475958e-05	0	0	0.345031947762547
GSM2449688_Treat	0.0188520352637331	0	0.00345455670180074	0.0844052396182138	0.0711923692346649	0	0.0976237736980601	0	0	0	0.203816655970332	0	0.112236392334556	0	0	0	0	0.00644931161719197	0.00965701319235363	0	0	0.392312652369093
GSM2449689_Treat	0	0.00401282423249451	0.00635883928600498	0.0593449800929107	0.102911458608991	0	0.0294393336319364	0.00810967847344667	0	0.027954252865454	0.117810159219646	0	0.131538153755973	0	0.000823717833144785	0	0.00223032101549533	0.0102614473972188	0	0	0	0.499204833587284
GSM2449690_Treat	0.00744016964375397	0.00453759882970694	0	0.0673345611555475	0.0832178517426551	0	0.0405482014785834	0	0	0.00669437879497602	0.0594761527458448	0	0.159320212559724	0	0	0	0	0.00448607145639088	0.0207272367500048	0	0	0.546217564842812
GSM2449691_Treat	0.0405618548897799	0.0170413138880581	0	0.194081725669649	0.129308251274823	0	0.0472703825670791	0	0.00273148002607597	0	0.218025030950274	0	0.101410215802566	0	0	0.00178640607876814	0	0.000485287777006122	0.0110859302136339	0	0	0.236212120862287
GSM2449692_Treat	0.0197941056059479	0	0.00225580266071357	0.0541306983675879	0.0664493683361051	0	0.0336420201781413	0	0.00216114899487106	0	0.157756596231746	0	0.163382676520618	0.00569539974691727	0	0.000898355139390609	0	0.000412201982665718	0.00666076549398727	0	0	0.486760860741308
GSM2449693_Treat	0.0043765642604363	0	0.00515999529542166	0.0625839554568716	0.0282430789472062	0	0.0387089725730168	0	0	0.0626263297463474	0.203587569412546	0	0.159388714664053	0.00415706529820697	0	0	0	0.00278606656418612	0	0	0	0.428381687781708
GSM2449694_Treat	0.0213155693629532	0	0	0.255626456987112	0.0387614345105177	0	0.0647248024940112	0	0.00170337694826841	0.000175707752870821	0.193935996716845	0	0.0888025441289287	0	0	0.00119463606386718	0	0.00199549995662533	0	0	0	0.331763975078001
GSM2449695_Treat	0.0349799097740846	0	0	0.205172004087229	0.0841898925620523	0	0.0453873928172082	0	0	0.00497652757838492	0.180040475586996	0	0.175490498823503	0	0	0	0	0.00322984433417653	0.0027920956686178	0	0	0.263741358767747
GSM2449696_Treat	0.0164805088254702	0.00190037251474551	0.00151865221695822	0.057519685176696	0.130695583100145	0	0.0370865758181326	0	0.00271760708800834	0	0.143070046493405	0	0.158070664471519	0.00848195918936446	0	0.00133038680411206	0	0.00135384126654739	0.00535440580413509	0	0.0185603750032463	0.415859336227515
GSM2449697_Treat	0.0245868892858313	0.00739544194031101	0	0.185514094874882	0.131043697637105	0	0.0449566763794329	0	0	0	0.159173005112024	0	0.15369099842245	0	0	0	0	0.00550514879652181	0.0144458790826523	0	0	0.273688168468789
GSM2449698_Treat	0.0350413190678233	0	0	0.199660273498866	0.0948382339010077	0	0.0501290988432979	0	0.00801418821037696	0	0.151441879682015	0	0.172290543541805	0	0	0.000413732884165428	0	0.00115737621615212	0.00902636356309271	0	0	0.277986990591398
GSM2449699_Treat	0.0358719530504377	0	0.00207967470741249	0.0612187095403405	0.164223850165084	0	0.0569270326183684	0	0	0	0.16374257502949	0	0.241606081511741	0	0	0.000380143844977699	0	0.00497701903355019	0.0117213868013731	0	0	0.257251573697226
GSM2449700_Treat	0.0335983600762849	0	0.00446296857145702	0.0715120432529716	0.0469918173840205	0	0.0630708261302687	0	0	0.0241182561905101	0.115256178850113	0	0.094147819901307	0.00212522366069262	0.00128597728765254	0	0	0.00290103048815017	0.0154005356916584	0	0	0.525128962514913
GSM2449701_Treat	0.0113822581335532	0.00128235134404202	0.00358652661549659	0.116110559409347	0.105852672241227	0	0.0463911141475528	0	0.00215853605423994	0	0.162487880200893	0	0.143437787068425	0	0	0	0	0.0013854601220602	0.0154837479120538	0	0	0.39044110675111
GSM2449702_Treat	0.036997093247573	0.0011770050462104	0	0.235439539249477	0.200916119372945	0	0.046224983400235	0	0.00940605658010027	0	0.197397798055659	0	0.0599371333458503	0	0.00445228406013183	0	0.00998991784123577	0.00789855218633696	0.000956107008271409	0	0	0.189207410605974
GSM2449703_Treat	0	0.0161340793044227	0.00598349732604283	0.088486904841792	0.0591101873363533	0	0.0285121514595274	0	0	0	0.190842807283044	0	0.0827141727655977	0.0137928962191882	0	0	0	0.00269450026860104	0.00493544991847761	0	0	0.506793353276953
GSM2449704_Treat	0.0551198353725217	0	0	0.241163949316357	0.114136137505191	0	0.0442140738810654	0	0	0	0.183616496893066	0	0.136544622653084	0	0	0	0	0.000715600642876324	0	0	0	0.224489283735839
GSM2449705_Treat	0.0177799693928047	0	0.00110580977497179	0.108892042635616	0.119253919567404	0	0.025691850471978	0	0	0	0.171937238833391	0	0.13818391062335	0.0079171544535584	0	0	0	0	0	0	0	0.409238104246927
GSM2449706_Treat	0.0464803594706276	0	0	0.0749409000223952	0.106588783870032	0	0.0421805183856466	0	0.0046405205017498	0.0191882129888362	0.1214109103419	0	0.179664558896527	0.0116446216211646	0	0	0	0.00299409074432765	0.00578794857235726	0	0	0.384478574584437
GSM2449707_Treat	0.0339246392336974	0.00701209502222855	0	0.0930610918505183	0.181606159181429	0	0.051938221954367	0.000356819281059656	0.0260837225842856	0.00838703323629564	0.139254773980562	0	0.182198730024102	0	0.00372000926363928	0	0.00609901383193086	0.00615949549048079	0	0	0	0.260198195065405
GSM2449708_Treat	0.0245786374443984	0.000722442323269091	0	0.210319399016516	0.029160014126232	0	0.0684335638915999	0	0	0.0623647430128205	0.145350539903026	0	0.167976175605972	0	0	0	0	0.00489276008524694	0.014495606115105	0	0	0.271706118475814
GSM2449709_Treat	0.023633565698999	0	0	0.262232976631549	0.0485889186649346	0	0.0591900530028484	0	0	0.0623219421372341	0.178421137365492	0	0.0724059375421209	0	0	0.00514818317568554	0	0.00241087199101433	0.00411181171062703	0	0.00756212552577363	0.273972476553721
GSM2449710_Treat	0	0.0348963418147855	0	0.0862353859139885	0.149584040799658	0	0.0421504999849167	0	0	0.0448727283917452	0.11578746832529	0	0.115302112560749	0	0	0	0	0.00685775667494021	0.0109332964216329	0	0	0.393380369112294
GSM2449711_Treat	0.00830492411039082	0.011301466256416	0.00651753236838696	0.059610620238324	0.039736750468298	0	0.0427664184121488	0	0	0.0794589522204888	0.14551818236509	0	0.266864919263717	0	0.00591278704043529	0.000775542558967798	0	0.0037569146819025	0.00691621858742283	0	0	0.322558771428011
GSM2449712_Treat	0.00857909095349116	0	0.00209203586784829	0.0971034410833167	0.0627735175467038	0	0.0251959281642769	0	0.00177413357769801	0	0.131231572263141	0	0.174266620562152	0.00428954941432797	0	0	0	0.000173214908762057	0.00669097690778186	0	0	0.4858299187505
GSM2449713_Treat	0.0269443062855431	0.00271140671581679	0	0.084852717424385	0.128026252026437	0	0.0404914411875725	0	0	0	0.120123843429949	0	0.257396552982207	0	0.000553443781978665	0	0	0.00565044832380878	0.00295017277901817	0	0	0.330299415063284
GSM2449714_Treat	0.0341877058163531	0	0	0.053010036103742	0.095114090793702	0	0.0662294430749976	0	0	0.01882240920179	0.177739211232931	0	0.101080957658559	0	0	0	0	0.00276753568039326	0.00290149865427595	0	0	0.448147111783256
GSM2449715_Treat	0.00613797540266768	0.0123388366312732	0.000599289909718761	0.212672935878886	0.0959826511102198	0	0.0806928101177036	0	0.0280533027933811	0	0.149878740039198	0	0.14633924577265	0	0.00339630275041717	0	0.0100667199040629	0.00823736889909585	0	0	0	0.245603820790726
GSM2449716_Treat	0.0139178329458082	0	0.00170550498345907	0.143061622458715	0.130330213219261	0	0.0361276006167916	0	0.00198828019625048	0	0.123236766590553	0	0.225556650181856	0	0	0	0	0.00180838776173031	0.0119898648687468	0	0	0.310277276176828
GSM2449717_Treat	0.0155229427495502	0	0.00973660267169246	0.0673514834219211	0.118955935832551	0	0.0271439040416859	0	0	0.0224694812566248	0.125242634564778	0	0.042186153869411	0	0	0	0	0	0	0	0	0.571390861591786
GSM2449718_Treat	0.014779926532304	0.0363050517337183	0	0.0267815697223787	0.191842101457747	0	0.0651080397778288	0	0	0.0629111720951848	0.102303954261483	0	0.150129915230628	0	0	0	0	0.00701508643356323	0.0219383010774089	0	0	0.320884881677755
GSM2449719_Treat	0.0105000061710796	0	0.00195730720025565	0.164309353285798	0.0790238729559963	0	0.0555376990223154	0	0	0.0381350819919934	0.213749643881737	0	0.188225271899815	0	0	0	0	0.000578768211211025	0	0	0	0.247982995379799
GSM2449720_Treat	0.0306465125637021	0	0	0.0747391018968289	0.111143555279322	0	0.0368857075117953	0	0	0	0.13134637867997	0	0.186938500308545	0	0	0	0	0.00622799350005371	0.0033579775185842	0	0	0.4187142727412
GSM2449721_Treat	0.00929385599258002	0	0.00348392547306946	0.208858291784177	0.0159972636726821	0	0.0428896549266629	0	0	0	0.154511375309096	0	0.175437379634891	0.00717523943831822	0	0	0	0.00138151596727865	0.00633360276368239	0	0	0.374637895037562
GSM2449722_Treat	0.0058285169900776	0.0183297695910673	0.00328830571845107	0.161371719205595	0.138171103213229	0	0.0686452458645856	0	0	0.0542436960074139	0.133777201373469	0	0.087455230337306	0	0.00145924515137553	0	0	0.0057419427787154	0.007860858889627	0	0	0.313827164879088
GSM2449723_Treat	0.00695800744106962	0	0.00880372085782642	0.159359138893412	0.0770324677598737	0	0.0589384656126909	0.00366732554987541	0.00149775938463434	0	0.11927449481125	0	0.0821060527692527	0	0.00178366503457135	0	0.00269449046301776	0.000139921844636744	0	0	0	0.477744489577888
GSM2449724_Treat	0.0193872332278001	0.000784203948882308	0.0021496490209008	0.028654485127359	0.11889230049244	0.000546177443392747	0.0463609426618133	0	0	0.0428723977510568	0.229170318768435	0	0.148269606071594	0	0	0	0	0.00784572899947428	0.00323776076305392	0	0	0.351829195723797
GSM2449725_Treat	0.0327339080338633	0	0.00511016276138705	0.125046421910859	0.0960845750751387	0	0.0519680860379555	0	0.0280818446221119	0	0.0836696053962065	0	0.133397285089533	0	0.000542507065308577	0	0.00405972541063843	0.00768557295842315	0.0170372674621953	0	0	0.41458303817638
GSM2449726_Treat	0.0308841897228827	0	0.00382029477500123	0.0152070944637415	0.181420114071107	0.0393195451515121	0.0335061512180816	0	0	0.0749456600820434	0.0577266823439182	0	0.148011841840977	0	0	0	0	0.00274524425355386	0.0117348764242022	0	0	0.400678305652979
GSM2449727_Treat	0.00855441136947028	0	0.003094739227535	0.120697549371543	0.0878911623231878	0	0.0491375973289737	0	0	0	0.124874154628165	0	0.196046875681172	0	0	0	0	0.000383627167119278	0.0171380407707255	0	0	0.392181842132109
GSM2449728_Treat	0	0.0138464261070953	0.000106212114698585	0.0400814796282097	0.0655485428767234	0	0.0399736826845281	0	0	0.007304554221938	0.139498303246564	0	0.10442961076896	0.00888930716091877	0	0	0	0.00499360875508802	0.00808873306782151	0	0	0.567239539367455
GSM2449729_Treat	0.00883383209678397	0	0.00399107334948815	0.0374418408475736	0.151603414612128	0	0.0343565422439068	0	0	0	0.142556649330935	0	0.200917736405327	0	0	0	0	0.00392026589531441	0.00873565206903146	0	0	0.407642993149511
GSM2449730_Treat	0	0.0186112855564343	0.045855546240618	0.067489205731103	0.13154178239062	0	0.08266744900314	0	0.000936775120340111	0.062685607315035	0.0969013977253233	0	0.165888831339595	0	0.00433453746234041	0	0.00658934599396438	0.011946692714719	0	0	0	0.304551543406767
GSM2449731_Treat	0.0138228856281338	0	0	0.230961372240891	0.089728427125243	0	0.0480051271267586	0	0	0	0.181219816211911	0	0.0879558490399811	0	0	0	0	0.0016386675025453	0	0	0	0.346667855124536
GSM2449732_Treat	0.00302424862652941	0.00972180388422152	0.000694602301673708	0.0593901813034419	0.0192428009395032	0	0.0366089335960193	0	0	0.0694095600051907	0.0684115102644448	0	0.109810422717344	0.00891143458365773	0	0.00146258802026955	0	0	0.0131255757905155	0	0	0.600186337967189
GSM2449733_Treat	0.023816468538523	0.00122826935425146	0	0.124428579487113	0.0698384345218997	0	0.0463092114714073	0	0	0	0.276333175784262	0	0.181589689152071	0	0	0	0	0.00082948253477899	0.00337332574611712	0	0	0.272253363409577
GSM2449734_Treat	0.0140110217360722	0.00444289893372126	0.00473078343871259	0.0931505532617124	0.0831569000750348	0	0.0352892296231431	0	0.00212428419659301	0	0.157049091449047	0	0.117978719725493	0	0	0	0	0.00252621191758061	0.00921882511473294	0	0	0.476321480528157
GSM2449735_Treat	0.00432497829093247	0.0116520576948255	0	0.0704845673207565	0.0716302647064289	0	0.0229775326837502	0	0	0.00425103551486289	0.116737192808357	0	0.138229391701745	0	0	0	0	0.00229224414132068	0.00676504202808284	0	0	0.550655693108938
GSM2449736_Treat	0.0339362738659389	0	0	0.190884601431681	0.14943765189862	0	0.0592531765063594	0	0.00437582673763913	0.0227841939766553	0.157665865900826	0	0.127730794688679	0	0	0	0	0.000957168353432512	0.00282846093281305	0	0	0.250145985707357
GSM2449737_Treat	0.00741013277971937	0.0133473396959679	0.00902460709473103	0.0617224269226437	0.194687583191153	0.019803306382732	0.0478331447310631	0	0	0.0659512128930174	0.124547275236816	0	0.120567413400816	0	0	0	0	0.00621706308386945	0.0190924255616941	0	0	0.309796069025776
GSM2449738_Treat	0.0123717976519136	0	0.00241005047134315	0.128177398461577	0.0426136613615649	0	0.107685095498526	0	0	0.0844643289640047	0.105213295248564	0	0.150995617758514	0	0	0	0	0.00486797157365795	0.00699295659818227	0	0	0.354207826412153
GSM2449739_Treat	0.0148036134778607	0	0.00355966383561694	0.125915455386965	0.0875781431368908	0	0.0503827247071878	0	0.00107288191298126	0	0.102391014764535	0	0.184183509009397	0	0	0	0	0.0018314137169826	0.0215618901852815	0	0	0.406719689866301
GSM2449740_Treat	0.0104237220980237	0.0132945202642944	0.000134664610774559	0.236272782269532	0.0786322803865001	0	0.0703264013941174	0	0	0.0597796615883178	0.189516765710597	0	0.142215487225639	0	0	0	0	0.00569802899454493	0	0	0	0.193705685457658
GSM2449741_Treat	0.0210001015609816	0.0127806118049974	0	0.106046240713289	0.142382318370873	0	0.0760844797266944	0	0.00218818726586108	0	0.255739807935506	0	0.0953879504990799	0	0	0	0	0.00175403858184548	0.00270278572669989	0	0	0.283933477814172
GSM2449742_Treat	0.0163056613904299	0.00362769596646363	0	0.0614719393546988	0.0970354543568028	0	0.0343867083332385	0	0.00213196078684618	0.00118927657253645	0.0867820843105829	0	0.0714865192238689	0	0	0	0	0.00735546398052915	0.013718930379928	0	0	0.604508305344075
GSM2449743_Treat	0.0321296692070888	0	0.000435519879556677	0.224395835490075	0.0372090221330649	0	0.0684017183303098	0.00163072142252706	0.00908743932532291	0	0.186117172126533	0	0.127621560264557	0	0.00037716240040156	0	0	0.00566486481793751	0.000584150414242937	0	0.0181797938961093	0.288165370292273
GSM2449744_Treat	0.0203860826568	0	0.00118488388411244	0.0749422243273002	0.157527201939515	0	0.0765154484387939	0	0	0	0.114520392616764	0	0.100117014484058	0	0	0	0.00653779977244784	0.00222660089643153	0.00897882142132552	0	0	0.437063529562451
GSM2449745_Treat	0.00563444432795441	0.0306539336251703	0	0.223007137745726	0.120366115888682	0	0.0613513895981148	0	0.00614616750653767	0	0.163786161285688	0	0.0918774360710566	0	0.00322099743332951	0	0.00932383510007861	0.0059181064951732	0	0	0	0.278714274922489
GSM2449746_Treat	0	0.0373809020286379	0.00855608612280958	0.148726849285255	0.0992125981475656	0	0.0426507244323634	0	0	0	0.154329077753889	0	0.224634068785197	0	0.0018639235253085	0.00256661557441231	0	0.00607312061963787	0.00497639966910705	0	0	0.269029634055816
GSM2449747_Treat	0.00955255073392413	0	0.00646705147210324	0.0592769700329123	0.138784198787289	0	0.0479207296256861	0	0.00234521375064096	0	0.134407991551457	0	0.172976176521189	0.0154676921530598	0.00220216221709013	0	0	0.00898784918561786	0	0	0	0.401611413969032
GSM2449748_Treat	0.0101623749071685	0	0	0.219335237110891	0.0932720506725987	0	0.0785909439994142	0	0	0.105022967536303	0.128113126096473	0	0.156218715179946	0	0.00334774787756003	0	0.00166224767377048	0.0119966987977439	0	0.00510473812533119	0	0.187173152022801
GSM2449749_Treat	0.0253674437319482	0.00988901122252842	0.000195514685911818	0.0453899207022523	0.128936571798866	0	0.0634034592474386	0	0.00935608673557967	0.00145613501546812	0.109998590378832	0	0.142251330221006	0	0	0	0	0.00323480128874094	0.0103625073170577	0	0	0.45015862765437
GSM2449750_Treat	0.00372234962718576	0	0.0146343209732289	0.0554943425986461	0.0488991886076262	0	0.029510956249402	0	0.012317227716724	0.00401373265762896	0.0682481601875809	0	0.285441943951491	0.00223127687053297	0.00111855505774216	0	0.000547702071727178	0	0.0309855068530014	0	0	0.442834736577482
GSM2449751_Treat	0.0287238893885197	0	0.000669092143862419	0.079756034239814	0.167724351209915	0	0.0421382188123149	0	0.00232856192957084	0.0125894439079741	0.0903666207899954	0	0.183913646996044	0	0	0	0	0.00355499871147494	0.0118589180438191	0	0	0.376376223826695
GSM2449752_Treat	0.0268884310768781	0	0.0104348799988391	0.197608382592044	0.0520838313392223	0	0.0726216335668373	0	0.010592506769023	0	0.176530712814502	0	0.045945449033745	0	0.000321438638579933	0	0	0.00622713417589287	0.00108610718103299	0	0.038270212158576	0.361389280654828
GSM2449753_Treat	0.0322418763738998	0	0	0.134636104537314	0.093638364636225	0	0.042082933128416	0	0.00685284145815821	0.0185941946504257	0.178742320011173	0	0.142092202952164	0	0	0	0	0.00273599427271376	0.00700748973081262	0	0	0.341375678248698
GSM2449754_Treat	0.0158225232073211	0.0177711878827711	0	0.0146835808968848	0.205115273536724	0.0397879985284796	0.0408828116177289	0	0	0.0567600476377526	0.0747609444939739	0	0.1475858605215	0	0	0	0	0.00255239947447102	0.0189916623608327	0	0	0.36528570984156
GSM2449755_Treat	0.0301054446379905	0	0	0.0696006156481588	0.0965234987344534	0	0.0341702181637944	0	0.00227236081496682	0.0411722758464165	0.185939457709651	0	0.201846495701203	0	0	0	0.000296571308738871	0.00722056043538627	0.0031482772656234	0	0	0.327704223733617
GSM2449756_Treat	0	0.0105259582656156	0.00547971166379856	0.0811103289919463	0.0567596785666645	0	0.0347930163403812	0	0	0	0.176818071913598	0	0.0954281559172134	0.0160926902743946	0	0	0	0.00116205301095357	0.00330010645079844	0	0	0.518530228604636
GSM2449757_Treat	0.0400693905852023	0	0	0.0402695258708855	0.152419372103214	0.000262201781158645	0.0535986115207417	0	0.00190061687129185	0	0.172800846747906	0	0.116795874760228	0	0	0	0	0.00382715806307809	0.00683831360063744	0	0	0.411218088095657
GSM2449758_Treat	0.0178080262174643	0	0.0038334110906624	0.0680684405769509	0.114145935933775	0	0.0493062284721683	0	0	0.111580705678542	0.130311024401755	0	0.174442116889028	0	0	0.00200771868535516	0.00203174348320973	0.00509396798314823	0.000416403345171089	0	0.00615302546861353	0.314801251774156
GSM2449759_Treat	0.0141094156640517	0.0157767098057801	0.00110785655679503	0.12476176905424	0.153004343874451	0	0.0515849423335422	0	0	0	0.174621870647251	0	0.179224676923691	0	0	0	0	0.00269212196446126	0.00293217095140391	0	0	0.280184122224332
GSM2449760_Treat	0	0.0190932201657896	0.0104620227047453	0.110895731258002	0.059141744347196	0	0.0530763879336676	0	0	0.017728965806692	0.15239200505804	0	0.225675043423436	0	0	0	0	0.00898625260101656	0	0.00136279118391082	0	0.341185835517505
GSM2449761_Treat	0.0192350367452407	0	0.00368508294074841	0.0611973704645787	0.0989895916364057	0	0.0738683994637422	0	0	0.0249087000689211	0.142258470977358	0	0.116897143446847	0	0	0	0	0.00190804016817538	0.0254024917873588	0	0	0.431649672300625
GSM2449762_Treat	0.0116178901427099	0	0	0.140780759894304	0.10567315744044	0	0.0562720586121393	0	0	0	0.186198880593664	0	0.119380099375515	0	0	0	0	0.00501062065648293	0.00764202862833491	0	0	0.36742450465641
GSM2449763_Treat	0.00915771979564691	0.00386635867788881	0	0.0209608244680326	0.102783363255703	1.62351397201513e-05	0.0490845564718342	0	0	0.0418691514600977	0.121410548551861	0	0.124086632401812	0	0	0	0	0.00480816958712741	0.0217911594349255	0	0	0.50016528075535
GSM2449764_Treat	0.0375524109436249	0	0	0.118428845688297	0.132948477496081	0	0.0610210903347582	0	0	0.0132578052920416	0.162886083840123	0	0.173637583644574	0	0.00126252965501591	0.00197737081398683	0.00268749323532325	0.00174140558556317	0	0	0.0326214069708454	0.259977496499766
GSM2449765_Treat	0.0257231133769604	0.0136282392149533	0	0.0775672925352135	0.162037568745962	0	0.0318993051050337	0	0	0	0.164605183444552	0	0.172983414321228	0	0	0	0	0.0046825970016619	0.0102255937266951	0	0.00013510783730589	0.336512584690435
GSM2449766_Treat	0.0245456155566353	0	0.00170394400777491	0.113491803729649	0.132351442528519	0	0.0364662620709051	0	0.000858971603414701	0	0.134547885542525	0	0.125192224471093	0.00523144572527553	0	0	0	0.00236524310820829	0.0107782878854301	0	0	0.41246687377057
GSM2449767_Treat	0.0178972549310099	0	0.0019061496329335	0.149089670513576	0.0868418441513805	0	0.0526142280563218	0	0.00335658258560733	0	0.163410591800074	0	0.176197636082836	0	0	0	0.00127447380366444	0	0.0157725867037206	0	0	0.331638981738875
GSM2449768_Treat	0.0185413990636976	0	0	0.217654349933002	0.0555593783802395	0	0.0487863688827427	0	0	0.0236590644307485	0.149427022257086	0	0.154578969182247	0	0	0	0	0.00225318861246342	0.00345182462652811	0	0	0.326088434631245
GSM2449769_Treat	0.00632462855065608	0	0	0.102646795882133	0.0919304747286201	0	0.0487424840518116	0	0	0	0.176091945991488	0	0.162618047173688	0	0	0	0.000877513392462609	4.3063933010827e-05	0.0160742203089439	0	0	0.394650825987187
GSM2449770_Treat	0.0486031089882306	0	0	0.0604223963332437	0.190575504049271	0	0.0171102261937815	0	0.00245322461162493	0.0252605584074501	0.098890035388189	0	0.196743436774025	0	0	0.00045728583113638	0	0.00198086239302466	0.00671802431321317	0	0	0.35078533671681
GSM2449771_Treat	0.0735878162528912	0	0	0.200032511096307	0.148679269433784	0	0.0596499185517463	0	0.0185671187844548	0	0.148453659961475	0	0.0695667870749841	0	0	0	0	0.00294297092701761	0.00826639944363495	0	0	0.270253548473705
GSM2449772_Treat	0.0163181693621969	0	0.00221192388113522	0.0387332549943826	0.0701724664094386	0	0.0311388806021902	0	0	0	0.0967760953017453	0	0.207439471020931	0	0	0	0	0.00489092883219829	0.015827634175538	0	0	0.516491175420244
GSM2449773_Treat	0	0.012078423246093	0.00992517495574343	0.134364441222263	0.0824179887222036	0	0.0537832299369037	0	0	0.0306154420809529	0.122470911575343	0	0.20010619109524	0	0	0	0	0.00441838056442134	0.013895737868082	0	0	0.335924078732755
GSM2449774_Treat	0	0.00122170363568023	0.00870218757652568	0.169339443532566	0.106676411914497	0	0.0477769538363853	0	0	0	0.222736288948636	0	0.167954553953553	0	0	0	0	0.00167853279383078	0	0	0	0.273913923808327
GSM2449775_Treat	0.0380915772711457	0	0	0.117123849920721	0.113539486977582	0	0.0736594720769047	0	0.0100800884417671	0	0.217213150770458	0	0.0782337534352724	0	0	0	0	0.000505519733579299	0.00345910122705237	0	0	0.348094000145517
GSM2449776_Treat	0.0325930331520345	0	0	0.0926197289483511	0.101244361357958	0	0.0320011404533617	0	0.00261626263333898	0.00655533946114182	0.090281709690039	0	0.137286081319898	0.0114571331160311	0	0	0	0.0032728266834342	0	0	0	0.490072383184412
GSM2449777_Treat	0.0422884407159995	0	0.00108111890971205	0.0584016704551995	0.167245455219386	0	0.0355385808532085	0	0.0100293107266881	0	0.0781431217739145	0	0.157458047679849	0	0	0	0	0.00321765109345609	0.0139981050579708	0	0	0.432598497514616
GSM2449778_Treat	0.0212857942867822	0.0229442946319028	0	0.0658577277206809	0.157257246423547	0	0.0501789549592917	0	0	0.0401471688857958	0.123950507737525	0	0.115118513168811	0	0	0	0	0.00510262594112543	0.0101234356836372	0	0	0.388033730560901
GSM2449779_Treat	0.013093628116233	0.0052452001197324	0.00286378870162615	0.0625444405302051	0.0896139209524857	0	0.0793786037503146	0	0	0	0.152716830412423	0	0.165459746677821	0	0	0	0	0.00223112882389664	0.00916367729572072	0	0	0.417689034619541
GSM2449780_Treat	0	0.0300033911498314	0.00404235897705239	0.018171484678916	0.151982260589407	0.0372967903771664	0.0429177712395417	0	0	0.0366384800083411	0.102487747921582	0	0.189030550963188	0	0	0	0.00433441180823931	0.00124774790391597	0	0	0	0.381847004382819
GSM2449781_Treat	0	0.00616019391468788	0.00396317913552471	0.0812416743491895	0.0510881967622669	0	0.0436872914375101	0	0	0	0.172232322182882	0	0.079783598142921	0.0151896165830499	0	0	0	0.00139126513662548	0.0109568915561713	0	0	0.534305770799172
GSM2449782_Treat	0.0181586104155336	0	0.0026249823663558	0.214044026245596	0.126060390906891	0	0.0395200626774045	0	0	0.130030419514866	0.198727218303521	0	0.0838915183743873	0	0.000264398696409004	0.000796959417884034	0	0.00467567941863652	0.00865090475488105	0	0.00456996333250622	0.167984865575127
GSM2449783_Treat	0.00711842187628165	0	0.00425335732813528	0.0358679754088718	0.0691422040296119	0	0.0305759186190203	0	0	0	0.0895680370480839	0	0.184916394057967	0.00519294579492353	0	0	0	0	0.00735887675782105	0	0	0.566005869079283
GSM2449784_Treat	0.0428440051307333	0	0	0.0490365485084156	0.136098781296533	0.0403276819944321	0.0345295096509599	0	0	0	0.0914587615315678	0	0.105764822080362	0	0	0	0	0.00235855471941188	0.010393643971456	0	0	0.487187691116128
GSM2449785_Treat	0	0.00695061063330074	0.0106806433188871	0.105656235440001	0.0595148371856999	0	0.0539018442124282	0	0	0.0218417808123902	0.244399221406805	0	0.160101041478997	0.000466598028444623	0	0	0	0.00185876852830709	0.00400102906988948	0	0	0.33062738988485
GSM2449786_Treat	0.0290193464458004	0	0	0.0540206543312323	0.156748848288383	0	0.0382526955279241	0	0.0169842305651842	0.00827982422012094	0.117952918444575	0	0.208476038863318	0	0.00126069531966363	0	0.00269180945561735	0.00867060915959683	0	0	0	0.357642329378584
GSM2449789_Treat	0.00540427133190055	0.0036711256282084	0	0.120314535550454	0	0	0.0376014813063086	0	0	0.0585877718117707	0.0967824905433044	0	0.114877986259588	0.00855508642724018	0	0	0	0	0.00331963827152608	0	0	0.550885612869698
GSM2449790_Treat	0.0181201016184572	0.00144423571520963	0.000578065527851354	0.0633626167916684	0.0698922855258406	0	0.0348261541740847	0	0	0	0.168951509326644	0	0.194191894138865	0	0	0	0	0.00242491656673284	0.00729910511875977	0	0	0.438909115495886
GSM2449791_Treat	0.019998417633277	0.00107889761192777	0.000245505948118189	0.113267456029855	0.0749999543263699	0	0.0573774066932644	0	0	0.0105693971876472	0.138545790721032	0	0.135243515390018	0	0	0.000688849627237659	0	0.000404477934359969	0.0286052911809018	0	0	0.418975039715992
GSM2449792_Treat	0	0.0279261245755851	0.00211972009745958	0.109112610350246	0.231206157748879	0.00924777043647975	0.0446201143849931	0	0	0.0542115439176117	0.114605719265656	0	0.193424278833616	0	0	0	0	0.00624021524455794	0.0111478791660639	0	0	0.196137865978851
GSM2449793_Treat	0.0128436556003748	0	0.00759559828452568	0.0848217497934953	0.0616651604490577	0	0.0465001549473802	0	0.00144575672846368	0	0.131255081751721	0	0.203048686249034	0.0139641258720688	0	0	0	0.00143348588364616	0	0	0	0.435426544440233
GSM2449794_Treat	0.0173508193092899	0.0185702159368608	0.000138176827215013	0.0810972544395154	0.148623739096906	0	0.0380752818259381	0	0.000600010567655292	0	0.212135805989929	0	0.109271106588686	0	0	0	0	0.00104691227230487	0.00867547780924429	0	0	0.364415199336455
GSM2449795_Treat	0.0224145620303934	5.5909788735499e-05	0	0.0817952596086183	0.13725838461898	0	0.0449520269945427	0	0.00933576722781874	0	0.135344778477002	0	0.208023058336225	0	0	0.00685038366684987	0	0.000426105107765046	0.0136683233772648	0	0.021280498961311	0.318594941804494
GSM2449796_Treat	0.0171468079848071	0	0	0.0453139263728559	0.0968542818873746	0	0.0420855531940586	0	0	0	0.166819479576197	0	0.0961228786220826	0.0167154757582126	0	0	0	0	0	0	0	0.518941596604412
GSM2449797_Treat	0.0313353567777643	0	0.0014433036536648	0.061275690527387	0.114026155448513	0.000715700976028956	0.0345585407077992	0	0	0	0.0787582790409099	0	0.184558598927368	0.00574692533942311	0	0	0	0.00109614540316316	0.00782275833205147	0	0	0.478662544865928
GSM2449798_Treat	0.0126594212317824	0	0.00244657209622927	0.0747258646983193	0.0773790028107416	0	0.022827297235514	0	0.00622798800560217	0	0.0886608675087981	0	0.153834528593829	0.0115155795961002	0	0	0	0	0.00368840434134884	0	0	0.546034473881736
GSM2449799_Treat	0.0205378034176104	0	0	0.119614921526513	0.136864377236675	0	0.0320322833348357	0	0.0253450562156585	0	0.185592270306401	0	0.115278316406166	0	0	0	0	0.00396216280693523	0	0	0	0.360772808749206
GSM2449800_Treat	0.0401803871199434	0	0	0.133829622500842	0.076707106487558	0	0.0627213459888545	0	0	0.0688443835057898	0.220646510450242	0	0.124105864642968	0	0	0	0	0.00275492822396492	0.0145922836250101	0	0	0.255617567454827
GSM2449801_Treat	0.00303927570149364	0	0.00537068734518454	0.123466006554468	0.0279846094299775	0	0.034573637551495	0	0	0.048403228822554	0.102100365144447	0	0.169811744997624	0	0.000419444488145038	0	2.00211792701279e-05	0.000327269593987504	0	0	0	0.484483709191354
GSM2449802_Treat	0.0225191494878051	0	0	0.0660369886779411	0.0709775414455574	0	0.0268291729028918	0	0.00177232029121213	0	0.14083439309334	0	0.0753176083101795	0	0	0	0	0.00104906748697874	0.0119643949402498	0	0	0.582699363363844
GSM2449803_Treat	0.028930885163948	0	0.00241068053215431	0.173905317552974	0.111081829507057	0	0.0415714403054088	0	0.0215581122298393	0	0.140939782339855	0	0.142995370425623	0	0.00167780363343835	0	0.00503658426934846	0.00998787215344593	0	0.00296540925552517	0	0.316938912631384
GSM2449804_Treat	0.057285707721038	0	0	0.208246049054102	0.140597175038214	0	0.0396333351527686	0	0.00531305970412764	0.00303051724697619	0.119204503999375	0	0.145484891889488	0	0	0	0	0.00517450856090606	0	0	0	0.276030251633004
GSM2449805_Treat	0.0384688605343106	0	0.0039854236019885	0.14999777105411	0.0109358492130279	0	0.0520152755776791	0	0	0	0.14872700654771	0	0.119256130917522	0.0233904893900769	0	0	0	0	0	0	0	0.453223193163576
GSM2449806_Treat	0	0.0213707611405272	0.0168157940493693	0.0309233762373234	0.136034702495197	0	0.0461261968588756	0	0.00283293347266495	0.00749542518796074	0.124615196683059	0	0.229698714035182	0	0.000302611392661826	0	0	0.0077231850441207	0.0135406716740058	0	0	0.362520431729053
GSM2449807_Treat	0.0207068215099578	0.0138942852766235	0	0.144075834192353	0.0543266700272594	0	0.0398819035287781	0	0	0	0.251484249957643	0	0.172128401255399	0	0	0	0	0.000327866685303454	0.00243351536705916	0	0	0.300740452199624
GSM2449808_Treat	0.023634266928557	0	0.00117197956077333	0.073660087780511	0.123974987147483	0	0.060649206465448	0	0	0	0.146980760884953	0	0.102918215727068	0.0315747473337089	0.000329801682869725	0	0	0.00423437445564405	0.00281345878515075	0	0	0.428058113247833
GSM2449809_Treat	0.0446900449984446	0	0.000331674333833635	0.156169065675655	0.0979832409660283	0	0.0715597150369926	0	0.0281968964174649	0	0.228141511858717	0	0.132834880902995	0	0.00366058757733444	0	0.00988371870478446	0.00319189474266466	0	0	0	0.223356768785086
GSM2449810_Treat	0.00593292434181177	0	0.00879573446749962	0.117326583599925	0.0128952509209281	0	0.0579862478345599	0	0	0.0267008357424427	0.154858150424289	0	0.151594232398247	0.00917829024799215	0	0	0	0.00146554152531072	0.00964099825189831	0	0	0.443625210245096
GSM2449811_Treat	0.0192754132365393	0.0246661615225684	0.00257329761074518	0.0844946311925765	0.143843735450403	0	0.0733402388848281	0	0	0	0.183108772264646	0	0.142201570436498	0	0	0	0	0.00558188125939269	0.00356121240718225	0	0	0.317353085734621
GSM2449812_Treat	0.0247772521269418	0.0244202925908275	0	0.0586962846205354	0.206161259613832	0.0216979265346089	0.0612869581132869	0	0	0.0860036240845518	0.124968565397677	0	0.125936231853529	0	0	0.00119912851648351	0	0.00223790264974568	0.0193553739326225	0	0.00379395047145216	0.239465249493907
GSM2449813_Treat	0.025362646143468	0.00309616752134984	0	0.1065373650107	0.111394909141298	0	0.0552688356076274	0	0.00162617645394442	0	0.158396224866516	0	0.163955108071334	0	0	0.000152935861517566	0	0.00263807633178058	0.00806086127189504	0	0.0274188415273955	0.336091852191174
GSM2449814_Treat	0.0135095334588738	0.0132262068420346	0.00193821448078989	0.0931474789026601	0.105660792897131	0	0.0750878893796214	0	0	0.0689919547694497	0.156331629209512	0	0.155248168797855	0	0.0124109904077765	0	0	0.0103584970564761	0	0	0	0.29408864379782
GSM2449815_Treat	0.00271052776903002	0	0.00566372983187343	0.0367514409181139	0.0469846934000862	0	0.0203781666378815	0	0.00410324210803966	0	0.113538485507829	0	0.325197465055476	0.00578207786812423	0	0	0	0.000528694650211825	0.0125105729171754	0	0	0.425850903336158
GSM2449816_Treat	0.0258015656927658	0.00740283760877095	0	0.245739792994874	0.219978465511042	0	0.0364481414773408	0	0.00986131924688677	0	0.204512019364702	0	0.0890286851829198	0	0.000174093857683312	0.000133599209796007	0.000430689981096277	0.0050360872274299	0.00353140999785116	0	0.0127206542686726	0.139200638378169
GSM2449817_Treat	0.00899144063444875	0	0.00132936651844356	0.141067718674311	0.122215752684495	0	0.043618541148097	0	0	0	0.222886992310788	0	0.165082657970473	0	0	0	0	0.00374409431698625	0.0114988486025922	0	0	0.279564587139365
GSM2449818_Treat	0.0245049912715071	0	0	0.191583973401187	0.0530167339012555	0	0.0550061098260616	0	0	0.0987917253121254	0.188507834654991	0	0.0554167171558851	0	0	0	0	0.00301931196317323	0.00404122396034388	0	0	0.32611137855347
GSM2449819_Treat	0.0124837998953139	0	0.00232628552030509	0.199893824549093	0.0786112102147157	0	0.0554252661623017	0	0	0.0413935721527413	0.194962417325365	0	0.210873776144462	0	0	0	0	0.000812950080402937	0	0	0	0.2032168979553
GSM2449820_Treat	0.0225169244467121	0	0.00449940318308552	0.0746627119448972	0.0501351824648261	0	0.0820800999765496	0	0	0	0.175909854106639	0	0.149836278409903	0	0	0	0	0.0102302561435757	0.0101244368586732	0	0	0.420004852465139
GSM2449821_Treat	0.0206027849011187	0.00739449916378742	0.009670040855718	0.0651806295886856	0.129888944515872	0	0.039535839407385	0	0	0	0.162753121808596	0	0.132431736878997	0	0	0	0	0.00434806958006697	0.0125788746797398	0	0	0.415615458620034
GSM2449822_Treat	0	0.0125095797528354	0.00902154835257453	0.0733059513417574	0.071161015703321	0	0.0393372718629194	0	0	0	0.125957429152245	0	0.230415291170284	0	0	0	0	0.00691739487336393	0.00696251673126816	0	0	0.424412001059431
GSM2449823_Treat	0.0218906355350351	0.00941312172232051	0	0.175497456960043	0.09281192197349	0	0.0629371544835818	0	0	0	0.164276340677592	0	0.148805935269307	0	0	0	0	0	0.00584011327947008	0	0	0.318527320099161
GSM2449824_Treat	0.0122863098586966	0.0074584759778895	0.000986420339409963	0.0592400755231443	0.163767260700389	0	0.0403429322189069	0	0	0.0352143115979364	0.107298030918363	0	0.103459516183747	0	0	0	0	0.00592605242383355	0.0091093254603838	0	0	0.4549112887973
GSM2449825_Treat	0.02028379852703	0	0	0.259730051246339	0.111144607050817	0	0.0663568791346055	0	0	0	0.141765708503811	0	0.0992026178932615	0	0	0	0	0.00299130002357937	0.00214909224902791	0	0.0110625938904742	0.285313351481055
GSM2449826_Treat	0.00549223817947116	0.00268631853328858	0.00041833290322421	0.0987414669243662	0.106451246980722	0	0.0543739019477851	0	0	0	0.146283356336756	0	0.189981594152143	0	0	0	0	0.0020948501543221	0.0116006698202369	0	0	0.381876024067686
GSM2449827_Treat	0.0616796312658089	0	0	0.142466445047685	0.177907666543151	0	0.0218688359346739	0	0.00472278201119675	0.0400033821976936	0.0726507543479992	0	0.160215261317791	0	0	0.000696220230636152	0	0.00513673190003337	0.00786202649929148	0	0	0.304790262704039
GSM2449828_Treat	0.0138852997016867	0.00563482185833641	0.00238460995013571	0.111935898211639	0.0984155311838276	0	0.0648612336194412	0	0	0.084543710874168	0.119388458556418	0	0.15266810509836	0	0	0	0	0.00190914947786757	0.00513163247810215	0	0	0.339241548990018
GSM2449829_Treat	0	0	0.00208003676419486	0.118152030079529	0.0392388817241014	0	0.0260898876344689	0	0	0	0.133290382935071	0	0.108929516587856	0	0	0	0	0.00231580042660023	0.0118408845454193	0	0	0.558062579302759
GSM2449830_Treat	0.0114751855426279	0	0.000918563670236224	0.141154427409173	0.134658787995522	0	0.0427067664018387	0	0	0	0.157919190524793	0	0.110268148189972	0	0	0	0	0.00331312518799259	0.00404017078892348	0	0	0.393545634288922
GSM2449831_Treat	0	0.0249107411001925	0.0209448040587848	0.211679265397066	0.0735530768891795	0	0.0545765407044142	0	0	0	0.12223849752363	0	0.222160333664287	0	0	0	0	0.00540114578289431	0.0061784446718695	0	0	0.258357150207682
GSM2449832_Treat	0.0109797807666701	0.0301126436451207	0.00398082950297014	0.193388957552223	0.121762870230838	0	0.0510093893268366	0	0	0.0682749336320773	0.116733660435212	0	0.148487039727171	0	0	0	0	0.00615501926618777	0	0	0	0.249114875914694
GSM2449833_Treat	0.0364793659634102	0	0	0.111856185804361	0.102621567825533	0	0.0477597980587236	0	0	0	0.131740847177708	0	0.103199255154885	0	0	0	0	0.00562207383758695	0.00272948124602361	0	0	0.457991424931768
GSM2449834_Treat	0.00615373185627989	0	0.00576986071567585	0.229479854101699	0.00677772598786592	0	0.108286221446375	0	0	0.111176484113064	0.117415835377	0	0.167541606005162	0	0	0	0	0.0039864994985544	0.00933643071283331	0	0	0.234075750185491
GSM2449835_Treat	0.0118805034140599	0	0.0112066255258609	0.12671981105199	0.059184379564782	0	0.0883085904284715	0	0	0.000918636870371542	0.207541807425352	0	0.143413443772134	0	0	0	0	0.00448978261279142	0.00178397612626215	0	0	0.344552443207925
GSM2449836_Treat	0.0200431453876512	0	0	0.0661500199813847	0.112884331305408	0	0.0364999045919165	0	0.003698040674385	0	0.130759324371503	0	0.174803078819936	0	0	0	0	0.00259822356756734	0.00248242190311878	0	0	0.450081509397129
GSM2449837_Treat	0.00088247035791255	0.00681533760116839	0.00455000237257995	0.113296810200172	0.0162215799039303	0	0.0897253427848963	0	0	0.0499359634962416	0.123036207025701	0	0.0985863444425896	0.00338286836833152	0	0	0	0.00147957507874911	0	0	0	0.492087498367728
GSM2449839_Treat	0.0198711498097826	0.00373885701617668	0	0.0873606602211716	0.082546062926502	0	0.0332766171816022	0	0.00210320613528263	0	0.106880433457095	0	0.144477617087735	0	0	0	0	0.00165395839409094	0.016836467626273	0	0	0.501254970144289
GSM2449840_Treat	0.0451785887074061	0	0	0.049514951227877	0.141128427602527	0.0221376028653055	0.0340349261042035	0	0.00174777639317109	0	0.104123893274517	0	0.177485578652289	0	0	0	0	0.00216622128100133	0.0156078161436771	0	0	0.406874217748025
GSM2449841_Treat	0.0320794947151462	0	0	0.151279822791435	0.0525835708167439	0	0.0483107814624021	0	0	0.00743809312919428	0.254375544939307	0	0.160243980525356	0	0	0	0	0.00158700026927761	0.00141149083519467	0	0	0.290690220515943
GSM2449842_Treat	0.0366638417922668	0	0	0.160908137449505	0.164686457700444	0	0.0387530330781852	0	0	0.00506001167650204	0.135997236560758	0	0.148352167871454	0	0	0	0	0.00170895234254805	0.00696091886055409	0	0	0.300909242667783
GSM2449843_Treat	0.0128398306735637	0.0190982061537836	0.00304468756211603	0.126934142022819	0.202768320376501	0	0.0360956032157057	0	0	0	0.177737516552525	0	0.121007597826162	0	0	0.00140018955876011	0	0.00200190281051499	0.00464279710466217	0	0.00197428667433543	0.290454919468553
GSM2449844_Treat	0.0366135373472062	0	0	0.042118037233994	0.155929882829219	0	0.0461139407633639	0	0	0.000280541737151381	0.130945745821715	0	0.147024472990008	0	0	0	0	0.00597467914316761	0.00375196735512831	0	0	0.431247194779046
GSM2449845_Treat	0.0193597415850236	0	0.00194970414720272	0.127994604461749	0.0406473278033245	0	0.0372167858541499	0	0	0.0349126466660119	0.121194071989057	0	0.208429466671241	0	0	0.00367054424770676	0	0.00617486236218146	0.00565337822484934	0	0	0.392796865987503
GSM2449846_Treat	0.0170219209095041	0.00783468104708396	0	0.0669830011876426	0.123137172550378	0	0.03759666943305	0	0	0	0.134201707138078	0	0.167962009415122	0	0	0	0	0.0145650930371877	0.0124794073687572	0	0.00197349854258843	0.416244839370609
GSM2449847_Treat	0.00336769087684678	0	0.00336591831265563	0.0613511823416655	0.0994953161109508	0	0.0329480275313432	0	0	0	0.13726862604748	0	0.196133309193916	0.00876152444902571	0	0	0	0.000287105131670666	0.00314700488514038	0	0	0.453874295119305
GSM2449848_Treat	0.00736425630925437	0.0281934976726166	0.00856941619936387	0.123161056314624	0.103248648389681	0	0.0370838168047008	0	0	0	0.186587123333931	0	0.140683286235605	0	0	0	0	0.00418610167380228	0.015328822311733	0	0	0.345593974754688
GSM2449849_Treat	0.0194752784736361	0.0114291283774705	0	0.0387698008540368	0.175502181510648	0	0.0548260219686306	0	0	0.0254513715551344	0.178762438154726	0	0.107773646254331	0	0	0	0	0.00636388277470243	0.0184482784320191	0	0.00155662408566129	0.361641347559004
GSM2449850_Treat	0.00412069547359004	0	0.003161775007003	0.129070673567187	0.0436464259344918	0	0.0651446168298973	0	0	0	0.288417007965882	0	0.0351226695075117	0	0	0	0	0.00212329392732252	0	0	0.00378019849949477	0.42541264328762
GSM2449851_Treat	0.0247514438281139	0	0.000904300804176403	0.142294588810117	0.0908705492143322	0	0.0605799252790484	0	0	0.104398375612281	0.139129694075268	0	0.125334742965628	0	0	0	0	0.00281787605508865	0.00506204346923456	0	0	0.303856459886712
GSM2449852_Treat	0.00774266779501861	0.0115672219228611	0.000684362357890062	0.131690428205582	0.137621226010582	0	0.0523497104721124	0	0.0101837673408295	0	0.131201310950312	0	0.0865937414713463	0	0.00185445727036268	0	0.00636681241015428	0.00952956542682017	0	0	0	0.412614728366129
GSM2449853_Treat	0.0121798590062779	0	0.0064466295756415	0.122119203285061	0.0855074961109728	0	0.0593844474801341	0	0	0	0.184670057173769	0	0.194053583139258	0	0	0	0	0.00678436378765128	0.000141861474380747	0	0	0.328712498966853
GSM2449854_Treat	0.0253508902972838	0.00149067917868353	0	0.0485352562236716	0.15040301685159	0.0147689619133756	0.0370118701765584	0	0	0.0182049494053006	0.11802549343718	0	0.145344203146051	0.00127906278257928	0	0	0	0.00130676462940167	0.00506980153860486	0	0	0.43320905041972
GSM2449855_Treat	0.0200437782173467	0	0.0055232398330122	0.0519677278030482	0.160191685584703	0	0.0376896282765196	0	0.00474199516385091	0.00112129378213152	0.112641692716404	0	0.274645020894753	0.00146991997628092	0.00694838932256038	0	0	0.00495085499646562	0.00565058619191081	0	0	0.312414187241014
GSM2449856_Treat	0.0309910818653349	0	9.54431955773579e-05	0.110637573150808	0.153262706901664	0	0.0816249339000968	0	0.00861449995685155	0	0.177876480245841	0	0.158117536265845	0	0	0	0	0.00423860139649066	0.00672674970631465	0	0	0.267814393415175
GSM2449857_Treat	0.0108865558151394	0.0104116076066728	0.00373490545756949	0.125390780225791	0.125630052376673	0	0.0487807174701911	0	0	0	0.177869644602338	0	0.142444622324097	0	0	0	0	0.00235066572178849	0.0146552220145837	0	0	0.337845226385156
GSM2449858_Treat	0.0414437712045841	0.00628007463675408	0	0.103901832639847	0.148778982657699	0	0.0543729968158952	0	0.0139627316278891	0	0.181584281091356	0	0.116597717349808	0	0	0	0	0.00159989648239605	0.00106608813168684	0	0	0.330411627362086
GSM2449859_Treat	0.0120012321801383	0	0.00112123965900562	0.0992380584516005	0.17903627073123	0	0.0427459066376414	0	0.00288647731481238	0.0727138357416882	0.081484326316966	0	0.115818012535686	0	0	0	0	0.00348616161475128	0.0156599577947243	0	0	0.373808521021756
GSM2449860_Treat	0.0401210432960799	0	0	0.146591431041589	0.142748236167468	0	0.055368142703665	0	0	0.0518809517060939	0.283306542812199	0	0.127496052893327	0	0	0.00115104789465986	0	0.00450903925657178	0.0031550841302897	0	0	0.143672428098057
GSM2449861_Treat	0.0138381708593233	0.00118947536870438	0.00249816568094833	0.0915133557828138	0.0916989526709754	0	0.0358276875474213	0	0	0	0.092828226660892	0	0.0901124581752614	0	0	0	0	0.00397667786208696	0.0179244609953771	0	0	0.558592368396196
GSM2449863_Treat	0.0332194926408495	0	0	0.042893115419526	0.146676393981454	0	0.0359784597394956	0	0	0.00146848293850264	0.127287343180104	0	0.13065745411234	0.00203140575949345	0	0	0	0.0020993028296799	0.00616820566064056	0	0	0.471520343737914
GSM2449864_Treat	0.0134217184509464	0	0.00137687994347139	0.094033101488516	0.130895567025594	0	0.0325681464323575	0	0.0137759808009978	0.0159853400230895	0.183518252865419	0	0.0836642880818557	0	0.00260072894754322	0	0.00381302269055518	0.00579041737015263	0.0006304085068787	0	0	0.417926147372623
GSM2449865_Treat	0.00114766778928366	0.0168397264209816	0.00881264391660745	0.199102413078376	0.00720664032419145	0	0.0573903036104889	0	0	0	0.119350336958143	0	0.18055264667222	0	0	0.000205375310435417	0	0.0121745268861771	0.00333937523140008	0	0	0.393878343801696
GSM2449866_Treat	0.0109878489208901	0	0.00342052145461179	0.148133152899794	0.0270746947015054	0	0.0477357138235072	0	0	0.0179052991150767	0.139301027198382	0	0.189211701771867	0	0	0	0	0.00263368609362505	0.00461063648936476	0	0	0.408985717531376
GSM2449867_Treat	0.00578356557598381	0	0	0.181511435378414	0.0556150544606729	0	0.0565939731954478	0	0	0.0141244528358913	0.231234214318036	0	0.191476152456799	0	0	0	0	0.000522780758945544	0	0	0	0.26313837101981
GSM2449868_Treat	0.0313695454235426	0.000242381341188139	0	0.0951395535922106	0.113002569233226	0	0.046907635615248	0	0.00182593547621636	0	0.138583046331924	0	0.267245100893493	0	0	0	0	0.0125665926386603	0.00594123139741776	0	0	0.287176408056873
GSM2449869_Treat	0.0195433711549325	0	0.0013333698356205	0.0423371360007024	0.0645337037848468	0	0.045323430884714	0	0	0.00855460325026159	0.13406085943452	0	0.163765203594718	0	0	0	0	0.00307648604863072	0.00963168843519999	0	0	0.507840147575853
GSM2449870_Treat	0.0275740533349058	0	0	0.058192737605611	0.102544358481899	0	0.0642632330488122	0	0	0	0.266598931845515	0	0.135359436435618	0	0.00168037798437777	0	0.00426694912675966	0.003865071071382	0	0.00263856778873665	0	0.333016283276383
GSM2449871_Treat	0.025818074554387	0.00380566967230099	0	0.142724162901606	0.0539080845246581	0	0.048884183314117	0	0	0	0.237016539709244	0	0.161533537714581	0	0	0	0	0.00213384771445952	0.00676513669610124	0	0	0.317410763198545
GSM2449872_Treat	0.025887249360698	0	0	0.055755891328131	0.0925651743741507	0	0.0548434367677217	0	0	0.013935631585041	0.217377538233893	0	0.204871971254958	0	0.000451316908503735	0	0.00073035959258661	0.00671623508249363	0.00473315001523185	0	0	0.322132045496591
GSM2449873_Treat	0.0255424956096841	0.0108807816909877	0	0.100708400132187	0.137051164395956	0	0.0551410722333521	0	0.00323967001273623	0	0.233749617727818	0	0.166041039601902	0	0	0	0	0.00424695964887367	0.00827275281918862	0	0	0.255126046127316
GSM2449874_Treat	0.0180087954123189	0	0.00163116031851829	0.0978601422749001	0.126667552398177	0	0.0583088913041999	0	0.00178900473453509	0	0.138731378682791	0	0.0619247419012584	0	0.00200073793790014	0	0	0	0.00352746545612657	0	0	0.489550129579274
GSM2449875_Treat	0.033321131947975	0	0.00584465575965522	0.0832648106582514	0.0709889251679677	0	0.0607080038446419	0	0	0.0387415143900307	0.109895347955799	0	0.139590411510687	0.0244946976272428	0.000490336887951589	0	0	0	0	0	0	0.432660164249798
GSM2449876_Treat	0.0182231389448726	0	0.00026420434596522	0.187601549377565	0.0732785894960696	0	0.0936039741394106	0	0	0.120655341415278	0.121940869716925	0	0.144941166629868	0	0	0	0	0.00242880591501278	0.00249422132548334	0	0	0.23456813869355
GSM2449877_Treat	0.00850360645662156	0	0	0.109889776131455	0.0714454590495247	0	0.0468409603449362	0	0	0	0.157929971176453	0	0.159205535076665	0	0	0	0	0	0.0238733886292185	0	0	0.422311303135126
GSM2449878_Treat	0	0	0.00559833536897368	0.14493899072437	0.0314219243811035	0	0.0869335210055343	0	0	0.14404091999373	0.087292317630316	0	0.160497373453017	0	0.00569363801941463	0	0.00619140301674333	0.00256005871531063	0	0	0	0.324831517691486
GSM2449879_Treat	0.0276251727924173	0	0.00291665347496553	0.0389434777961359	0.129292685981874	0	0.052488149792748	0	0.00315108271970521	0.0419758360906818	0.0737071767301044	0	0.270676558223446	0	0.000908446012869193	0	0	0.00302536612768404	0.00798405754103724	0	0.000697157093965326	0.346608179622366
GSM2449880_Treat	0.0472440543316563	0	0	0.179526366084217	0.109800027537749	0	0.0308832202245076	0	0	0	0.0973904423986592	0	0.126818796816875	0.0116980061276577	0	0	0	0.00144064789181522	0.00104477398190954	0	0	0.394153664604953
GSM2449881_Treat	0.0255482441727398	0	0.000375383604554791	0.192050011748752	0.144372682208725	0	0.031322220253107	0	0.00853737045743129	0	0.105209943706324	0	0.121594087418098	0.00242202682716145	0	0	0	0.00266980823269061	0.00798267451564444	0	0.00361242104712476	0.354303125807647
GSM2449882_Treat	0.0160342103270854	0.00568319115085305	0.00115088050824486	0.0996508032275302	0.117243876429181	0	0.0421227774035027	0	0.00392581042469	0	0.138310232604171	0	0.193028532867671	0	0	0	0	0.00244700060355784	0	0	0	0.380402684453513
GSM2449883_Treat	0	0.0181182239530311	0.00888858936823943	0.0905670073736101	0	0	0.0379618329678141	0	0	0.0446733629371796	0.108734580112524	0	0.0835337757974017	0	0	0	0	0	0.000546842844900904	0	0	0.606975784645299
GSM2449884_Treat	0.00674736164174249	0.0333205027295119	0.00431178276345002	0.106688328775107	0.123512914557401	0	0.0597476756240909	0	0	0	0.163518367032231	0	0.17387359738838	0	0	0	0	0.00530343681009474	0.00521372831341451	0	0	0.317762304364577
GSM2449885_Treat	0.0302332428009291	0	0	0.113143267678315	0.0966326022844317	0	0.0447734234336477	0	0	0	0.155983431094097	0	0.121921135388464	0	0	0	0	0.00165696769589072	0.014149097898017	0	0	0.421506831726208
GSM2449886_Treat	0.00291794886867643	0.0275566403798681	0.00396109194877509	0.0484948723089183	0.123587905615161	0	0.0538245359836383	0	0	0.00189628492739935	0.115291887808175	0	0.227079915882198	0	0.00180010051455909	0	0	0.00495241356900459	0.013703996038311	0	0	0.374932406155316
GSM2449887_Treat	0.014342864287919	0.0183901688483706	0.00521740526044062	0.0793844173567004	0.143008596478042	0	0.0669507909473327	0	0.00274593129944659	0	0.162881987223986	0	0.16622023193939	0	0	0.00167091350207294	0	0.00363395053401457	0.00493262139607309	0	0.0331869701091855	0.297433150817026
