ID	ATP7A	FDX1	LIAS	LIPT1	DLD	MTF1	CDKN2A	Cluster
GSM2449638_Treat	7.996738	6.690714	6.409383	7.03332	7.789575	8.212372	4.588388	C1
GSM2449639_Treat	7.581066	6.992384	6.542716	7.304122	7.802051	7.790023	4.60372	C2
GSM2449640_Treat	7.888454	6.624296	6.390255	7.023527	7.592999	8.335363	4.531855	C1
GSM2449641_Treat	7.759555	6.606035	5.852409	6.997244	7.821006	8.639814	4.477433	C1
GSM2449642_Treat	7.423315	7.034016	6.349454	7.512551	7.815106	8.317	4.416527	C1
GSM2449643_Treat	7.048889	6.932151	6.271349	7.328646	7.709521	8.246339	4.62949	C1
GSM2449644_Treat	7.670343	7.122793	6.671418	7.195378	7.945923	8.411876	4.565031	C1
GSM2449645_Treat	7.680547	6.888022	6.41935	7.438915	7.932605	8.18583	4.362754	C1
GSM2449646_Treat	7.457572	6.684944	6.467571	7.197954	7.908968	8.190055	4.555372	C1
GSM2449647_Treat	7.899489	6.904458	6.555802	7.682362	7.727975	8.176212	4.365257	C2
GSM2449648_Treat	7.488463	7.091994	6.305296	7.736634	7.917582	7.907569	4.699977	C2
GSM2449649_Treat	7.147366	6.496963	6.564973	6.460631	7.191818	8.534014	4.832882	C1
GSM2449650_Treat	7.5051	6.557409	6.160393	7.254458	7.432909	8.089984	4.348598	C1
GSM2449651_Treat	6.92306	6.851436	6.245569	7.212439	7.607644	8.255427	4.820251	C1
GSM2449652_Treat	7.982595	6.691408	6.439968	7.054284	7.688703	8.383325	4.571595	C1
GSM2449653_Treat	7.056168	6.890864	6.782411	7.536038	7.80739	8.08077	4.793963	C2
GSM2449654_Treat	7.625155	6.764279	6.385508	7.197611	7.909921	8.2446	4.521122	C1
GSM2449655_Treat	7.785039	6.952435	7.006675	7.751351	7.906024	7.735738	4.340273	C2
GSM2449656_Treat	6.608697	6.615155	6.482839	7.058005	7.3133	8.004909	4.46391	C1
GSM2449657_Treat	7.066015	6.732243	6.836792	7.392295	7.675068	8.102436	4.390867	C1
GSM2449658_Treat	7.37975	6.909381	6.403694	7.314241	7.804775	8.145078	4.463365	C1
GSM2449659_Treat	7.853422	6.865657	6.646419	7.306883	8.06673	8.031309	4.770638	C2
GSM2449660_Treat	7.913251	6.952435	6.468558	7.37019	7.670343	7.847512	4.65803	C2
GSM2449661_Treat	7.320733	6.65861	6.470148	7.389494	7.634263	8.00917	4.685098	C1
GSM2449662_Treat	7.700643	6.57335	6.601782	7.106657	7.611446	8.265153	4.572171	C1
GSM2449663_Treat	7.407866	7.299173	6.762185	8.157192	8.056509	7.88754	4.533076	C2
GSM2449664_Treat	7.5051	6.974463	6.373683	7.387127	7.72307	8.219599	4.555194	C1
GSM2449665_Treat	7.924167	7.675068	7.095971	8.445167	8.082893	7.617404	4.667908	C2
GSM2449666_Treat	7.12712	6.615852	6.863047	7.427697	7.747723	8.188857	4.536214	C1
GSM2449667_Treat	7.985096	6.730252	6.406878	7.512551	7.942692	8.135874	4.541817	C1
GSM2449682_Treat	7.831893	6.822012	6.414948	7.10961	7.72307	8.290942	4.447445	C1
GSM2449683_Treat	7.477251	7.060531	6.540299	7.596921	7.792282	7.822824	4.568323	C2
GSM2449684_Treat	7.54321	6.909381	6.540941	7.32976	7.815106	8.001316	4.491087	C2
GSM2449685_Treat	7.636044	6.595786	6.266202	6.939844	7.657717	8.40787	4.687071	C1
GSM2449686_Treat	7.130546	6.743944	6.296154	7.287632	7.394204	8.262742	4.646825	C1
GSM2449687_Treat	7.549867	6.818551	6.514378	7.338343	7.742399	7.772445	4.456702	C2
GSM2449688_Treat	7.626051	6.91843	6.552283	7.553261	7.853422	8.173376	4.705621	C2
GSM2449689_Treat	7.646961	6.791452	6.321038	7.273269	7.866251	7.940252	4.566741	C1
GSM2449690_Treat	7.750892	6.792884	6.35109	7.249508	7.792761	8.013198	4.521509	C1
GSM2449691_Treat	7.366614	6.726833	6.702716	7.328236	7.632956	7.699782	4.576544	C2
GSM2449692_Treat	7.33278	6.467571	6.430735	6.539056	7.412587	8.655587	4.547319	C1
GSM2449693_Treat	7.577755	6.996701	6.380674	7.269994	7.771576	8.173936	4.74136	C1
GSM2449694_Treat	7.789575	6.957742	6.354833	7.570976	7.633824	8.021863	4.920017	C2
GSM2449695_Treat	7.50156	6.920524	6.578156	7.267687	7.55075	7.952891	4.656099	C1
GSM2449696_Treat	7.491435	6.426894	6.534899	6.647788	7.686538	8.40461	4.555372	C1
GSM2449697_Treat	6.935578	6.777244	6.760122	7.3153	7.694432	7.951465	4.630656	C2
GSM2449698_Treat	7.631699	6.590292	6.698277	7.216934	7.702411	8.0964	4.742333	C1
GSM2449699_Treat	7.111121	6.904059	6.490483	7.241076	7.472759	7.882319	4.732442	C1
GSM2449700_Treat	7.493892	6.968361	6.359518	7.345861	8.068775	7.925104	4.544117	C2
GSM2449701_Treat	7.474824	6.796265	6.399621	7.075503	7.812363	8.345016	4.816282	C1
GSM2449702_Treat	7.043807	7.104119	6.75469	7.916655	7.762622	7.614808	4.551993	C2
GSM2449703_Treat	7.258268	6.427535	6.481203	7.020252	7.589582	8.405251	4.726414	C1
GSM2449704_Treat	7.406678	7.000359	6.731933	7.633824	7.580237	7.959205	4.746485	C2
GSM2449705_Treat	7.249127	6.789767	6.764279	7.196842	7.715541	8.112432	4.578637	C1
GSM2449706_Treat	7.684457	6.729551	6.327162	7.204314	7.823774	8.086703	4.578637	C1
GSM2449707_Treat	7.29062	6.865987	6.242039	7.571846	7.597362	7.987608	4.616409	C2
GSM2449708_Treat	7.42021	7.302535	6.554851	7.636044	7.871434	7.729709	4.650493	C2
GSM2449709_Treat	7.455584	6.979966	6.896596	7.584138	7.98973	7.906543	4.877178	C2
GSM2449710_Treat	7.594299	6.824661	6.41188	7.738891	7.665532	7.69485	4.632063	C2
GSM2449711_Treat	7.339447	6.953839	6.399621	7.457141	7.756337	8.070416	4.605226	C2
GSM2449712_Treat	7.755006	6.619073	6.285443	7.120319	7.598231	8.247631	4.507356	C1
GSM2449713_Treat	7.256734	6.886628	6.611778	7.154412	7.588326	7.945436	4.645613	C1
GSM2449714_Treat	7.673801	6.835756	6.436872	7.356197	7.883793	8.229184	4.585213	C1
GSM2449715_Treat	7.107017	6.893892	6.677975	7.194634	7.546994	7.96622	4.840526	C1
GSM2449716_Treat	7.447188	6.707811	6.637131	7.021664	7.863524	8.199535	4.641158	C1
GSM2449717_Treat	7.201385	6.446281	6.121934	6.962325	7.48277	8.591117	4.585029	C1
GSM2449718_Treat	7.287304	7.263622	6.59647	8.069807	7.847969	7.573986	4.607643	C2
GSM2449719_Treat	7.633402	7.152186	6.781746	7.5457	7.927087	8.047599	4.64307	C2
GSM2449720_Treat	7.5632	6.828539	6.58344	7.124575	7.935889	8.180947	4.558255	C1
GSM2449721_Treat	7.689574	6.763206	6.506269	6.905172	7.607644	8.393074	4.727829	C1
GSM2449722_Treat	7.275974	6.826024	6.482177	7.504323	7.598624	7.936372	4.575942	C2
GSM2449723_Treat	7.457572	6.462776	6.4695	7.134875	7.460083	8.639044	4.747985	C1
GSM2449724_Treat	7.577343	7.079141	6.646745	7.811006	8.045581	7.832809	4.584642	C2
GSM2449725_Treat	7.27367	6.810825	6.431034	7.138854	7.908066	8.127667	4.496037	C1
GSM2449726_Treat	7.433749	7.062291	6.622367	7.52055	7.831487	7.860701	4.732669	C2
GSM2449727_Treat	7.640465	6.887686	6.592248	7.284326	7.910404	8.270597	4.75817	C1
GSM2449728_Treat	7.812838	6.74711	6.531634	7.173735	7.790023	8.342458	4.538082	C1
GSM2449729_Treat	7.656856	6.69896	6.226464	7.331934	7.927087	8.210016	4.564856	C1
GSM2449730_Treat	7.199121	7.274422	6.686941	7.726232	7.745535	7.581954	4.794193	C2
GSM2449731_Treat	7.727975	6.662971	6.537421	7.126404	7.557802	8.186458	4.634404	C1
GSM2449732_Treat	8.169413	6.781052	6.475554	7.326383	8.189493	8.248863	4.72293	C1
GSM2449733_Treat	7.261728	6.861649	6.455859	7.3658	7.655566	7.932605	4.517401	C2
GSM2449734_Treat	7.628661	6.452599	6.40904	6.625952	7.39151	8.323213	4.789079	C1
GSM2449735_Treat	7.782347	6.72541	6.55452	7.27367	7.802968	7.996738	4.555551	C1
GSM2449736_Treat	7.684034	6.795603	6.665288	7.199862	7.67631	7.943586	4.631265	C1
GSM2449737_Treat	7.138144	7.072648	6.732576	7.55987	7.936372	7.761752	4.764143	C2
GSM2449738_Treat	7.875153	6.909748	6.256183	7.570976	7.945923	8.079174	4.826586	C2
GSM2449739_Treat	7.434541	6.986763	6.503703	7.517957	7.876168	7.979529	4.691611	C2
GSM2449740_Treat	7.040614	7.06383	6.458997	7.65601	7.504725	7.95577	4.619837	C2
GSM2449741_Treat	6.976207	6.827087	6.761502	7.515012	7.566483	8.320074	4.499004	C1
GSM2449742_Treat	7.64912	6.473645	6.121934	7.269251	7.637346	8.318802	4.703611	C1
GSM2449743_Treat	7.445526	6.775525	6.417755	7.226693	7.617404	8.345016	4.783022	C1
GSM2449744_Treat	7.648296	6.807504	6.614821	7.49434	7.714278	7.996257	4.502179	C2
GSM2449745_Treat	7.042766	6.917695	6.518563	7.51424	7.526707	8.036089	4.718607	C2
GSM2449746_Treat	7.1533	6.537421	6.379388	7.32752	7.583697	8.245151	4.884769	C1
GSM2449747_Treat	7.100847	6.682901	6.396532	6.972668	7.561991	8.344391	4.77649	C1
GSM2449748_Treat	7.023527	7.145902	6.395919	7.719054	7.484026	7.811006	4.816507	C2
GSM2449749_Treat	7.310164	6.949137	6.398678	7.1016	7.608045	8.016251	4.636499	C1
GSM2449750_Treat	7.207265	6.878829	6.222013	7.028362	7.935402	8.222527	4.638047	C1
GSM2449751_Treat	7.274812	6.702364	6.772065	7.234029	7.48568	7.94311	4.840315	C1
GSM2449752_Treat	7.362322	6.681602	6.404949	7.368188	7.741116	8.26883	4.919174	C1
GSM2449753_Treat	7.727106	6.932527	6.388027	7.379373	7.665532	7.797713	4.65389	C2
GSM2449754_Treat	7.654719	6.971576	6.715446	7.66993	7.830553	7.847969	4.464632	C2
GSM2449755_Treat	7.421364	6.92903	6.67859	7.719912	7.766659	7.749947	4.679144	C2
GSM2449756_Treat	7.445969	6.576202	6.413424	7.042038	7.503928	8.41383	4.677628	C1
GSM2449757_Treat	7.51126	6.832293	6.584729	7.234382	7.657284	8.1834	4.458332	C1
GSM2449758_Treat	7.529122	6.809399	6.757009	7.54321	7.707293	7.995713	4.777939	C2
GSM2449759_Treat	7.484416	6.747809	6.776198	7.509149	7.842454	7.882319	4.704835	C2
GSM2449760_Treat	7.585423	6.706428	6.400543	7.296873	7.760867	8.29716	4.789286	C1
GSM2449761_Treat	7.486507	6.890864	6.577837	7.515012	7.925621	7.939238	4.580541	C2
GSM2449762_Treat	7.1689	6.678292	6.389587	6.918755	7.532058	8.162313	4.693597	C1
GSM2449763_Treat	7.915151	7.040185	6.592868	7.425683	7.829177	8.089984	4.388295	C2
GSM2449764_Treat	7.298369	6.774849	6.680273	7.237355	7.679682	8.190629	4.737696	C1
GSM2449765_Treat	7.510827	7.017003	6.777244	7.456415	7.875655	7.870523	4.5941	C2
GSM2449766_Treat	7.559435	6.785319	6.507195	7.374035	7.895647	8.124795	4.703016	C1
GSM2449767_Treat	7.300985	6.686941	6.742323	6.977228	7.666813	8.203004	4.753472	C1
GSM2449768_Treat	7.963704	7.073359	6.698277	7.656421	8.191232	7.849755	4.528021	C2
GSM2449769_Treat	7.667681	6.72166	6.486393	7.354314	7.755456	8.214734	4.513617	C1
GSM2449770_Treat	7.716898	6.937403	6.630334	7.537347	7.813282	7.81868	4.445983	C2
GSM2449771_Treat	7.352404	6.845591	6.7316	7.452406	7.58061	7.815997	4.701362	C2
GSM2449772_Treat	7.515468	6.700992	6.450685	6.814137	7.721736	8.402661	4.533731	C1
GSM2449773_Treat	7.673801	6.829882	6.733234	7.553717	7.903642	7.96018	4.779423	C2
GSM2449774_Treat	6.757712	6.449125	6.737315	6.824987	7.391903	8.392469	4.617013	C1
GSM2449775_Treat	7.10648	6.610747	6.79424	7.283604	7.519643	8.184648	4.612794	C1
GSM2449776_Treat	8.059749	6.680625	6.543996	6.940199	7.95577	8.248231	4.470789	C1
GSM2449777_Treat	7.490576	6.823693	6.661628	7.217293	7.719054	8.153756	4.644437	C1
GSM2449778_Treat	7.761752	7.127514	6.753649	7.80962	8.015744	7.880838	4.622341	C2
GSM2449779_Treat	7.706412	7.052111	6.614493	7.581496	7.92805	8.064549	4.477246	C2
GSM2449780_Treat	7.59043	6.827427	6.865657	7.507081	7.873767	7.738891	4.71904	C2
GSM2449781_Treat	7.698882	6.736634	6.41311	7.231918	7.701574	8.295285	4.587246	C1
GSM2449782_Treat	6.974106	7.250696	6.946687	7.997258	7.852106	7.663815	4.612603	C2
GSM2449783_Treat	7.667269	6.265246	6.327162	6.748109	7.743269	8.527803	4.623868	C1
GSM2449784_Treat	7.608923	6.758425	6.759084	7.302174	7.677597	8.299088	4.570634	C1
GSM2449785_Treat	7.623368	6.424406	6.641202	7.246775	7.523469	7.983585	4.802811	C1
GSM2449786_Treat	7.425256	6.915896	6.605417	7.241076	7.890278	8.106287	4.373464	C1
GSM2449789_Treat	7.820595	6.694856	6.356978	7.020252	7.926096	8.345016	4.706061	C1
GSM2449790_Treat	7.534081	6.616756	6.291267	6.977228	7.622196	8.517366	4.631675	C1
GSM2449791_Treat	7.564044	6.912486	6.648756	7.45474	7.713832	8.094784	4.718824	C2
GSM2449792_Treat	7.063439	7.057636	6.750166	7.411427	7.701574	7.790023	4.684516	C2
GSM2449793_Treat	6.981661	6.244713	6.394063	6.079034	7.45474	8.905048	5.012242	C1
GSM2449794_Treat	7.254107	6.919123	6.764279	7.684871	7.654719	7.846148	4.588388	C2
GSM2449795_Treat	7.38366	6.703075	6.432305	7.162557	7.862567	8.040902	4.50662	C1
GSM2449796_Treat	7.338343	6.529646	6.545657	6.942058	7.764924	8.37502	4.554645	C1
GSM2449797_Treat	7.719912	6.795603	6.628656	7.17298	7.923735	8.270597	4.492814	C1
GSM2449798_Treat	7.682362	6.477777	6.278035	6.97892	7.466578	8.578351	4.638047	C1
GSM2449799_Treat	6.975864	6.395646	6.364459	7.091276	7.32488	8.00917	4.644062	C1
GSM2449800_Treat	7.246382	7.374422	6.542375	8.045024	7.918032	7.561991	4.585961	C2
GSM2449801_Treat	7.828697	6.861325	6.516988	7.062653	7.919046	8.35915	4.652522	C1
GSM2449802_Treat	7.608923	6.59188	6.599872	7.234029	7.682362	8.366108	4.495289	C1
GSM2449803_Treat	7.279394	7.314241	6.544321	7.656421	7.816939	8.038234	4.747126	C2
GSM2449804_Treat	7.477668	7.023919	6.566054	7.488463	7.689574	8.031782	4.717321	C2
GSM2449805_Treat	7.544032	6.842795	6.403383	7.010103	7.773346	8.37502	4.699379	C1
GSM2449806_Treat	7.237355	6.944514	6.302199	7.349427	7.554921	8.0334	4.731206	C1
GSM2449807_Treat	7.201733	6.813499	6.394674	7.177021	7.620921	8.18162	4.500873	C1
GSM2449808_Treat	7.768012	6.788741	6.346992	7.233668	7.805245	8.413216	4.679955	C1
GSM2449809_Treat	7.42059	6.629348	6.456491	6.997787	7.393029	7.924167	4.936327	C1
GSM2449810_Treat	7.564808	6.940584	6.480893	7.066393	7.776558	8.226147	4.716522	C1
GSM2449811_Treat	7.007741	6.88697	6.692836	7.499853	7.641724	8.088836	4.670453	C2
GSM2449812_Treat	7.209864	7.382864	6.762883	7.973017	7.987608	7.500719	4.494338	C2
GSM2449813_Treat	7.730129	6.660978	6.577837	7.3161	7.930022	8.137585	4.660787	C1
GSM2449814_Treat	7.471909	7.203543	6.362886	8.06187	7.80962	7.795893	4.802377	C2
GSM2449815_Treat	7.159178	6.646419	6.362886	6.618075	7.69619	8.380978	4.717956	C1
GSM2449816_Treat	6.794961	7.133057	6.787035	7.761294	7.663815	7.793161	4.712072	C2
GSM2449817_Treat	7.517554	6.891242	6.621092	7.891217	8.033941	7.589582	4.660609	C2
GSM2449818_Treat	7.785039	6.960283	6.480893	7.664274	8.002405	7.668113	4.690653	C2
GSM2449819_Treat	7.57524	7.040614	6.700992	7.617865	7.900419	7.783726	4.669306	C2
GSM2449820_Treat	7.723502	6.854274	6.317963	7.279792	7.722176	8.595503	4.728426	C1
GSM2449821_Treat	7.632956	6.820688	6.688962	7.270336	7.879058	7.885149	4.585771	C2
GSM2449822_Treat	7.565228	6.751892	6.602742	7.448495	7.967206	8.132693	4.867261	C2
GSM2449823_Treat	7.353922	6.79897	6.464971	7.085786	7.42612	8.240494	4.47226	C1
GSM2449824_Treat	7.317991	6.835374	6.679265	7.44434	7.72039	8.051197	4.585581	C2
GSM2449825_Treat	7.704247	6.886628	6.426558	7.41818	7.568898	8.0334	4.517401	C1
GSM2449826_Treat	7.768933	6.822344	6.198226	7.280926	7.537347	8.185202	4.5005	C1
GSM2449827_Treat	7.642582	6.922731	6.876818	7.340491	7.785525	7.869526	4.63708	C2
GSM2449828_Treat	7.015872	6.957412	6.65585	7.403589	7.921363	7.847512	4.589374	C2
GSM2449829_Treat	7.361214	6.585377	6.543643	7.187022	7.693536	8.538489	4.798827	C1
GSM2449830_Treat	7.341224	6.690009	6.307445	7.384799	7.566006	8.033941	4.552741	C1
GSM2449831_Treat	6.938476	6.607379	6.557409	7.01333	7.547845	8.246998	4.755504	C1
GSM2449832_Treat	7.068545	6.908707	6.5137	7.442384	7.540731	7.997757	4.701576	C2
GSM2449833_Treat	7.570132	6.554851	6.328672	7.167405	7.586267	8.245151	4.712876	C1
GSM2449834_Treat	7.479417	6.927256	6.791105	7.580237	7.69002	8.047076	4.919353	C2
GSM2449835_Treat	7.340873	7.038393	6.482511	7.275576	7.638662	8.321279	4.788873	C1
GSM2449836_Treat	7.502332	6.693827	6.620733	7.260541	7.781455	8.251197	4.644627	C1
GSM2449837_Treat	7.789155	6.844885	6.204328	7.243817	7.911331	8.393663	4.613391	C1
GSM2449839_Treat	7.793161	6.713671	6.285137	7.23474	7.616495	8.22307	4.402645	C1
GSM2449840_Treat	7.312706	6.823693	6.515959	7.412204	7.593892	8.112432	4.666144	C1
GSM2449841_Treat	7.220218	6.869939	6.439031	7.453961	7.72307	7.9607	4.47246	C2
GSM2449842_Treat	7.617865	6.771023	6.707811	7.356574	7.850233	8.046113	4.684712	C1
GSM2449843_Treat	7.071591	7.037368	6.69896	7.42021	7.57224	7.894118	4.611599	C2
GSM2449844_Treat	7.478559	6.729231	6.635031	7.38095	7.675887	8.028295	4.538453	C1
GSM2449845_Treat	7.53991	7.105563	6.471121	7.727557	7.752252	7.831893	4.521122	C2
GSM2449846_Treat	7.414245	6.729231	6.256183	7.058382	7.716445	8.267594	4.490919	C1
GSM2449847_Treat	7.661234	6.654827	6.635031	7.185555	7.69485	8.396916	4.354054	C1
GSM2449848_Treat	7.505893	6.584389	6.472418	6.721304	7.430946	8.146834	4.816062	C1
GSM2449849_Treat	7.29875	6.880323	6.579827	7.701574	7.732741	7.847512	4.705029	C2
GSM2449850_Treat	7.672967	6.426894	6.685953	7.389494	7.402782	8.497313	4.765718	C1
GSM2449851_Treat	7.292876	7.090525	6.652822	7.772445	8.024512	7.498109	4.559586	C2
GSM2449852_Treat	7.496079	6.678292	6.651826	7.178134	7.577343	8.382179	4.456507	C1
GSM2449853_Treat	7.073707	6.597132	6.434211	6.865987	7.653461	8.225481	4.65821	C1
GSM2449854_Treat	7.396968	6.851106	6.436182	7.333913	7.567732	8.211789	4.625568	C1
GSM2449855_Treat	7.334735	6.864184	6.441841	7.133057	7.583697	8.261527	4.665365	C1
GSM2449856_Treat	7.531637	6.775525	6.653877	7.252944	7.74417	7.907569	4.61565	C1
GSM2449857_Treat	7.468539	6.691408	6.672065	7.224786	7.771576	8.185202	4.455942	C1
GSM2449858_Treat	7.206114	6.647082	6.704727	7.411427	7.562383	7.993718	4.5364	C1
GSM2449859_Treat	7.459662	7.081978	6.648756	7.669499	7.861138	7.599884	4.682472	C2
GSM2449860_Treat	7.243437	7.418974	6.691408	8.027215	8.056509	7.632114	4.844445	C2
GSM2449861_Treat	7.884241	6.812843	6.646419	7.292117	7.800727	8.089387	4.471159	C1
GSM2449863_Treat	7.36314	6.650058	6.556802	7.239925	7.621361	8.165863	4.51682	C1
GSM2449864_Treat	7.491843	6.732576	6.466595	7.445969	7.490138	8.128241	4.646619	C1
GSM2449865_Treat	7.483175	6.870657	6.581184	7.581066	7.802468	8.21659	4.809463	C2
GSM2449866_Treat	7.492245	6.875756	6.437522	7.088329	7.653879	8.379638	4.670453	C1
GSM2449867_Treat	7.626051	6.939528	6.788415	7.387925	7.73314	8.000379	4.649136	C2
GSM2449868_Treat	7.230072	6.736985	6.38643	7.173368	7.625155	8.131057	4.645021	C1
GSM2449869_Treat	7.731888	6.912486	6.438428	7.088687	7.695713	8.284864	4.60313	C1
GSM2449870_Treat	7.387925	6.884445	6.207962	7.224786	7.693536	8.041383	4.649922	C1
GSM2449871_Treat	7.376372	6.776574	6.451027	7.216195	7.731888	8.020864	4.621372	C1
GSM2449872_Treat	7.595241	7.10961	6.582826	7.624285	7.837407	7.802468	4.716109	C2
GSM2449873_Treat	7.19947	6.919123	6.290663	7.191818	7.436545	8.162931	4.792263	C1
GSM2449874_Treat	7.400852	6.708477	6.545006	7.279394	7.583268	8.088836	4.612407	C1
GSM2449875_Treat	7.654312	6.682901	6.545006	7.148786	7.925104	8.2446	4.513814	C1
GSM2449876_Treat	7.518793	7.762622	6.796911	8.364854	8.122043	7.441604	4.664141	C2
GSM2449877_Treat	7.942692	6.835756	6.324714	7.491017	7.793161	8.300294	4.599301	C1
GSM2449878_Treat	7.810547	6.945264	6.551285	7.764018	8.018803	7.864428	4.852834	C2
GSM2449879_Treat	7.54656	7.015485	6.869206	7.812838	8.029745	7.938255	4.484417	C2
GSM2449880_Treat	7.515468	6.76832	6.567726	7.254833	7.684871	8.162931	4.486267	C1
GSM2449881_Treat	7.133412	6.542375	6.55709	7.362733	7.530346	8.367394	4.993962	C1
GSM2449882_Treat	7.55075	6.727172	6.605713	7.208004	7.832338	8.072119	4.724563	C1
GSM2449883_Treat	8.029265	6.663345	6.264019	6.645341	7.856595	8.479699	4.717956	C1
GSM2449884_Treat	7.500719	7.083344	6.635031	7.590895	7.864428	7.692673	4.765325	C2
GSM2449885_Treat	7.49686	6.901543	6.633346	7.499853	7.857483	8.131057	4.444279	C2
GSM2449886_Treat	7.373208	6.815805	6.497592	7.356934	7.654719	8.271163	4.468562	C1
GSM2449887_Treat	7.542008	6.736296	6.467903	7.048889	7.702411	8.238105	4.583521	C1
